# id_origen id_destino perimetro_compartido
1 12 3497.40
1 2 24891.78
1 3 458.08
1 30 12239.16
1 4 910.90
1 5 8192.42
10 12 8277.26
10 19 21854.53
10 8 22558.84
10 9 20319.55
100 103 6565.35
100 106 3474.01
100 90 5272.03
100 96 7348.34
100 97 3164.62
1000 1002 258.02
1000 1003 66.72
1000 994 154.52
1000 995 221.81
1000 997 361.54
1000 999 391.81
1001 1002 489.21
1001 1004 485.48
1001 1005 317.77
1001 1019 505.93
1001 1021 564.64
1001 995 350.64
1001 996 981.00
1002 1003 440.88
1002 1004 253.15
1002 995 51.98
1003 1004 1209.19
1003 1020 471.13
1003 1022 662.07
1003 998 428.84
1003 999 783.08
1004 1005 1176.97
1004 1022 876.87
1005 1021 1541.51
1005 1022 1635.45
1006 1007 1100.59
1006 539 3025.49
1006 543 9250.66
1006 545 3435.76
1007 1010 5916.67
1007 538 7943.84
1007 539 4516.42
1008 1013 2922.15
1008 1014 4138.91
1008 1015 1336.39
1009 1011 2592.62
1009 1019 1759.32
1009 1020 3843.98
1009 991 1434.46
1009 996 518.62
101 102 4045.70
101 107 4412.90
101 113 11541.05
101 92 975.77
101 95 4550.66
1010 1011 7612.32
1010 1019 8922.83
1010 538 28.08
1010 541 4489.62
1011 1019 3808.02
1012 1013 5232.26
1012 1014 2479.36
1012 1020 2899.92
1013 1014 5078.69
1014 1015 1904.82
1014 1016 4878.33
1014 1018 2425.81
1014 1020 569.67
1014 1022 1823.31
1014 1025 2372.35
1014 1032 11502.59
1014 1034 8770.27
1015 1016 176.49
1015 205 2053.14
1016 1034 1255.22
1016 205 9171.53
1016 207 1018.22
1016 818 9297.14
1017 1018 1985.94
1017 1020 3048.53
1018 1020 1493.90
1018 1022 1259.22
1019 1021 5691.38
1019 1024 3359.20
1019 541 2879.84
1019 996 705.45
102 112 5497.77
102 113 5470.69
102 699 9787.29
1020 1022 2084.64
1020 991 452.33
1020 992 1290.92
1020 993 2113.29
1020 994 37.78
1020 998 2472.43
1021 1022 1042.90
1021 1023 1115.17
1021 1024 2710.17
1022 1023 2961.69
1022 1025 7029.87
1022 1028 115.95
1023 1024 774.46
1023 1026 3182.18
1023 1028 713.54
1024 1026 6737.34
1024 1031 4028.03
1024 541 5784.50
1024 549 1492.04
1024 551 2278.32
1024 578 339.57
1025 1028 7038.14
1025 1032 1013.69
1026 1027 2212.49
1026 1028 418.29
1026 549 2859.38
1027 1028 2284.60
1027 1030 2887.49
1027 549 1075.24
1028 1030 338.45
1028 1032 5192.45
1029 1032 9055.92
1029 552 1536.96
1029 561 163.76
103 105 2165.88
103 106 8806.18
103 108 4266.18
103 110 3503.74
103 97 2819.30
103 99 7245.18
1030 1032 1561.34
1030 549 535.78
1030 550 3712.46
1031 551 5031.00
1031 578 3940.38
1032 1034 7170.13
1032 1035 3196.49
1032 552 507.02
1032 561 3607.46
1033 1034 5354.04
1033 1035 3642.10
1034 1035 9034.40
1034 561 15.05
1034 570 3025.50
1034 571 824.88
1034 818 6038.54
1034 819 7237.42
1034 820 4909.80
1035 561 2971.06
1036 1037 1010.62
1036 1038 1344.15
1036 1039 1265.95
1036 1043 1497.96
1036 1046 1535.65
1037 1038 511.18
1037 1039 334.49
1038 1039 529.60
1038 1040 9421.89
1038 1041 4874.09
1038 1043 6716.43
1038 808 2215.51
1039 1040 1654.24
1039 1046 686.92
104 105 2070.96
104 108 2911.84
104 109 5810.22
104 588 3166.64
104 591 189.88
104 98 338.00
104 99 6287.54
1040 1041 1063.07
1040 1046 2215.07
1040 1048 6434.50
1040 1081 753.58
1040 1085 10460.24
1041 1075 1599.12
1041 1080 8073.91
1041 1081 2829.25
1041 805 8510.99
1041 808 14152.99
1042 1043 7964.06
1042 1044 10381.98
1042 1046 9477.96
1042 1049 1558.90
1042 1050 1214.89
1042 806 3327.54
1042 807 6187.21
1043 1046 3982.02
1043 807 9125.03
1043 808 7336.91
1044 1045 6318.97
1044 1050 11070.94
1044 1051 1440.55
1044 806 4949.41
1044 949 7871.32
1044 951 10104.07
1045 1051 11330.00
1045 951 7272.43
1046 1047 7489.60
1046 1048 941.07
1046 1049 716.49
1047 1048 2841.40
1047 1049 7950.68
1048 1049 7052.34
1048 1085 796.88
1048 1086 2575.92
1049 1050 13054.62
1049 1052 6133.86
1049 1053 6340.83
1049 1086 3361.96
1049 1088 3113.52
105 108 6381.72
105 99 5300.77
1050 1051 14164.94
1050 1052 12072.21
1050 1055 3488.22
1051 1055 4082.25
1051 1058 4869.65
1051 951 1931.54
1051 952 5081.22
1051 953 3730.89
1052 1053 10247.84
1052 1055 6481.70
1052 1056 8384.60
1052 1057 6336.47
1052 1060 298.19
1053 1054 6246.89
1053 1057 213.37
1054 1057 5408.18
1055 1056 2295.90
1055 1058 5870.32
1056 1058 5945.22
1056 1059 7321.13
1056 1060 2632.67
1056 1061 4841.63
1057 1060 5262.45
1058 1059 1450.17
1059 1061 5276.81
106 111 7288.73
106 118 12314.12
106 96 10290.64
1060 1061 5603.83
1060 1062 3593.20
1061 1062 5527.16
1063 1064 549.30
1063 1066 480.36
1063 1069 253.81
1063 1081 333.66
1063 1083 1636.52
1063 1084 1535.03
1064 1065 859.06
1064 1066 767.21
1064 1067 947.47
1064 1068 89.71
1064 1081 730.36
1065 1067 2080.86
1065 1068 178.82
1066 1068 608.90
1066 1069 188.05
1067 1068 1470.65
1067 1081 1232.00
1067 1085 12865.27
1067 1088 1371.49
1068 1069 1030.89
1068 1070 407.32
1068 1071 200.93
1068 1072 353.96
1068 1088 887.10
1069 1070 604.89
1069 1083 1047.06
107 113 7344.48
107 117 8104.84
107 126 8004.08
107 95 3931.06
1070 1071 1011.83
1070 1074 457.45
1070 1083 458.90
1071 1072 305.66
1071 1073 150.43
1071 1074 35.45
1072 1073 1293.74
1072 1088 1706.64
1073 1074 1289.52
1073 1087 783.86
1074 1083 2211.30
1075 1077 16238.08
1075 1080 3748.04
1075 508 4435.81
1075 797 682.80
1075 798 3128.10
1075 805 9071.60
1076 1077 2583.49
1076 1078 10724.08
1076 510 10431.77
1077 1078 2890.38
1077 1079 4490.16
1077 1080 6514.29
1077 508 7154.21
1077 510 3744.73
1078 1079 17909.55
1079 1080 5867.67
1079 1081 7773.02
1079 1082 16585.35
1079 1083 3194.83
1079 1084 2701.85
108 109 2677.68
108 110 5594.22
108 120 1010.32
1080 1081 8210.76
1081 1084 2072.73
1081 1085 8131.44
1082 1083 7116.72
1083 1084 1281.39
1083 1087 8814.67
1085 1086 4344.37
1085 1088 3175.70
1086 1088 8561.93
1087 1088 6996.72
1089 1090 1121.69
1089 1092 931.89
1089 1097 431.90
1089 1098 561.80
1089 1103 796.58
1089 1109 6019.14
1089 1113 4481.55
1089 1115 13132.95
1089 1122 2119.57
109 120 7898.73
109 122 1166.76
109 591 2624.15
109 603 2269.75
1090 1091 962.81
1090 1092 223.60
1090 1093 83.17
1090 1094 461.66
1090 1095 319.49
1090 1113 2431.36
1091 1092 127.81
1091 1093 694.08
1092 1093 247.21
1092 1094 65.21
1092 1097 256.91
1093 1094 686.37
1094 1095 139.14
1094 1096 620.35
1094 1097 128.87
1094 1099 484.90
1095 1099 676.85
1095 1100 178.28
1095 1113 547.56
1095 1118 99.24
1096 1097 132.12
1096 1098 327.67
1096 1099 956.76
1097 1098 745.53
1098 1103 1318.97
1099 1100 690.93
1099 1101 961.62
1099 1102 571.82
1099 1103 184.47
1099 1105 13.81
1099 1106 224.99
11 17 4144.26
11 20 3693.68
11 21 13673.06
11 9 14783.54
110 118 3582.87
110 119 4336.03
110 120 5776.67
110 121 3447.49
110 132 1256.02
110 134 4999.27
1100 1101 469.82
1100 1106 1053.41
1100 1118 1424.74
1100 1133 960.30
1101 1106 1250.12
1102 1103 297.00
1102 1105 961.61
1103 1104 1065.85
1103 1105 1048.46
1103 1122 1181.19
1104 1105 1202.04
1104 1106 1382.71
1104 1122 1715.02
1104 1123 1151.68
1105 1106 1060.70
1106 1107 1373.98
1106 1123 2141.89
1106 1133 2718.80
1107 1123 1534.53
1108 1109 18182.51
1108 1114 13153.67
1108 1115 10268.94
1108 35 5615.24
1108 36 709.57
1108 40 11042.44
1108 681 3330.71
1108 682 12559.75
1109 1110 14256.52
1109 1113 11480.58
1109 1114 9079.07
1109 1115 6391.04
1109 35 7862.31
1109 37 5782.27
111 117 13362.52
111 118 5876.26
111 125 8380.33
111 95 4458.95
111 96 3684.57
1110 1112 4884.17
1110 1113 3094.33
1110 37 2477.85
1110 43 3535.97
1111 1112 4070.78
1111 1117 12180.53
1111 1118 10948.44
1111 41 8712.43
1111 43 21546.37
1111 44 1156.79
1111 45 7337.88
1112 1113 14242.57
1112 1118 13045.66
1112 43 9260.04
1113 1118 3860.07
1114 1115 11278.32
1115 1119 5081.69
1115 1121 9318.74
1115 1122 1401.35
1115 682 2323.23
1116 1125 12976.88
1116 45 27117.21
1117 1118 11677.74
1117 1125 4980.62
1117 1126 15342.79
1117 45 7549.83
1118 1123 5068.08
1118 1124 17745.07
1118 1126 1919.12
1118 1133 2329.06
1119 1120 1241.69
1119 1121 9521.75
1119 1122 14631.28
112 699 7489.74
1120 1121 7253.90
1121 682 5809.26
1121 683 3755.06
1122 1123 11662.01
1123 1124 7489.04
1123 1127 8162.07
1123 1128 11259.49
1123 1133 1200.04
1124 1126 12757.28
1124 1127 8569.60
1125 1126 11852.99
1125 1129 14956.32
1125 1132 10788.62
1125 45 7824.55
1126 1127 6423.76
1126 1130 4972.09
1126 1131 10257.89
1126 1132 6811.74
1127 1128 15041.79
1127 1130 9781.46
1128 1130 10449.50
1129 1132 12392.21
113 114 2183.96
113 115 2354.56
113 116 3639.53
113 126 3450.35
113 135 1428.50
113 699 13483.51
113 704 8781.24
113 705 9372.85
1130 1131 13329.14
1131 1132 12060.95
1134 1135 1990.38
1134 1136 423.62
1134 1137 447.16
1134 1138 926.83
1134 1139 651.98
1134 1140 96.67
1134 439 3150.23
1134 443 1068.98
1134 979 3546.14
1134 980 5055.73
1134 984 2262.71
1135 1140 1030.48
1135 980 1518.91
1135 982 479.90
1135 985 2237.00
1136 1138 461.33
1136 1140 823.21
1136 1142 132.27
1136 1143 60.32
1137 1139 591.59
1137 1144 219.13
1137 984 381.07
1138 1139 299.12
1138 1141 43.81
1138 1142 642.89
1139 1141 671.11
1139 1144 381.94
114 115 1080.38
114 116 395.91
1140 1143 1255.76
1140 985 1011.54
1141 1142 495.93
1141 1143 273.92
1141 1144 125.99
1142 1143 1356.89
1143 1144 910.82
1143 234 1754.84
1143 237 194.58
1143 984 2381.39
1143 985 1253.31
1144 984 633.42
1145 1146 4753.65
1145 1147 1992.50
1145 512 196.85
1145 514 1140.40
1145 516 143.29
1145 549 822.53
1145 551 2276.41
1145 559 1695.59
1146 516 337.63
1146 517 438.67
1146 520 510.09
1146 522 44.48
1146 551 5246.66
1146 578 3487.04
1146 580 7279.94
1146 581 6188.79
1147 512 309.58
1147 559 1040.66
1148 1149 7378.17
1148 232 1254.18
1148 242 832.33
1148 253 849.16
1148 254 489.22
1148 260 99.43
1148 443 1671.27
1148 445 5688.64
1148 447 1417.10
1148 451 6628.29
1148 457 1171.31
1149 260 72.48
1149 281 541.94
1149 457 172.13
1149 474 3840.96
115 116 863.47
1150 1151 4667.56
1150 956 921.53
1150 959 3258.29
1150 968 467.93
1150 969 3054.50
1150 971 2466.85
1150 976 4381.49
1150 978 2270.02
1151 969 3640.90
1151 970 1765.34
1151 977 2976.22
1151 978 3084.23
117 125 4113.75
117 126 11003.10
117 95 7644.88
118 119 11228.43
118 125 1308.69
119 125 517.78
119 127 5370.37
119 128 3142.95
119 129 6996.63
12 19 13029.41
12 2 2944.03
12 30 6561.15
12 678 9578.69
12 8 11067.06
120 121 9948.81
120 122 1819.44
121 122 5419.14
121 132 5654.86
122 123 3330.80
122 124 4555.86
122 603 6369.21
122 607 1378.99
123 124 3289.24
123 131 1240.58
123 607 370.13
123 633 4819.14
124 130 5289.66
124 131 636.41
124 132 1486.23
124 136 3712.43
125 126 5419.70
125 127 6851.76
126 127 1331.09
126 128 7533.74
126 135 8571.80
126 706 2927.35
126 709 6285.19
127 128 9709.58
128 129 7981.61
128 141 4490.73
128 709 4621.72
128 712 7559.13
129 134 6012.45
129 142 6947.54
13 14 1260.97
13 15 1298.02
13 17 9471.03
13 18 4935.57
13 23 2899.16
130 132 1494.31
130 136 2534.32
131 136 3464.03
131 140 2547.37
131 145 2058.14
131 146 1481.86
131 633 3286.52
132 133 9226.15
132 134 2978.68
132 136 2328.88
133 134 3024.63
133 136 703.10
133 144 6880.12
134 143 5048.29
135 705 3104.00
135 706 8548.33
136 144 1171.77
136 145 3308.68
136 148 3099.17
137 138 1593.03
137 140 2419.36
138 139 2568.03
138 140 1876.12
138 149 672.33
138 641 250.39
139 140 479.84
139 147 9297.47
139 149 1115.42
139 642 373.35
139 650 4781.91
14 15 511.97
14 16 1045.76
140 146 4122.86
140 147 1703.09
140 628 1467.52
140 633 1673.81
140 641 3071.49
141 142 10597.16
141 143 2230.07
141 157 7473.29
141 712 5401.45
141 714 3516.29
142 143 2766.27
143 144 5012.64
143 157 5097.83
144 148 3848.48
144 155 6857.91
145 146 7294.85
145 148 6382.74
145 153 1610.04
145 154 2255.76
146 147 5010.28
146 152 1903.36
146 153 4725.17
146 46 299.57
146 47 2334.54
147 151 1163.93
147 152 3234.27
147 650 1945.70
148 154 3669.71
148 155 2637.34
148 156 304.13
149 640 694.47
149 641 829.06
149 642 446.49
15 16 740.36
15 17 1268.15
150 151 4801.38
150 160 4185.55
150 650 3263.78
150 657 1884.63
150 660 292.06
151 152 4988.13
151 160 3623.25
151 48 2197.89
151 49 85.95
151 650 1998.78
152 47 735.75
152 48 1294.05
153 154 3682.12
153 161 2056.46
153 47 2620.00
153 52 1282.62
153 53 1621.12
153 724 449.02
154 156 745.28
154 167 2854.73
154 718 579.37
154 724 2317.95
155 156 7249.11
155 157 2731.77
156 157 2085.41
156 167 4046.87
156 720 1058.20
156 721 2972.50
157 158 539.00
157 159 8434.23
157 163 3243.41
157 713 796.73
157 714 2596.53
157 717 4146.69
157 722 3468.96
158 159 1440.96
159 163 3156.74
16 17 1452.39
16 23 823.86
160 164 8867.40
160 49 1885.83
160 55 3332.82
160 660 4462.75
160 661 3222.84
160 732 1926.78
161 53 313.55
161 70 35.28
161 71 3034.05
161 724 5582.24
162 164 3877.44
162 165 1289.69
162 55 638.03
162 63 666.31
162 84 1973.43
162 88 1355.11
163 721 4650.71
163 722 2677.57
163 731 3071.29
163 736 2991.51
164 165 2211.76
164 55 336.91
164 732 2837.28
165 166 1373.52
165 724 2130.74
165 732 801.99
165 88 568.42
165 89 1149.09
166 724 1590.07
166 728 877.04
166 732 1904.83
167 718 2348.54
167 720 2272.66
168 169 469.91
168 171 390.00
168 172 552.64
168 187 1291.03
168 189 1648.73
169 170 1048.82
169 171 380.27
169 187 2687.44
17 20 22136.26
17 23 10803.10
170 171 511.48
170 175 138.97
170 176 817.19
170 187 373.56
171 172 177.90
171 175 347.64
172 173 283.86
172 174 316.06
172 189 208.32
173 174 290.31
173 178 346.49
173 179 297.93
173 189 633.56
174 175 321.30
174 178 381.90
175 176 526.74
175 177 338.41
175 178 78.24
176 177 1320.57
176 181 472.98
176 187 1593.72
177 178 314.91
177 180 127.88
177 181 1186.34
178 180 408.30
179 180 1199.44
179 181 1092.26
179 187 3504.14
179 188 13723.68
179 189 7672.14
179 190 4869.91
179 195 5955.61
179 226 5295.54
18 23 3679.45
18 24 22577.03
180 181 721.78
181 187 746.79
182 183 3195.65
182 188 3705.73
182 193 6448.95
183 184 5580.45
183 186 1043.44
183 187 9297.04
183 188 5461.21
184 186 14815.98
185 186 4590.55
185 189 18357.76
186 187 6978.14
186 189 2083.55
187 188 10550.14
187 189 1776.85
188 193 24431.66
189 190 9077.07
189 191 7376.66
19 2 21515.74
19 21 8831.79
19 22 4471.12
19 32 5726.80
19 9 4745.41
190 191 5205.36
190 192 11627.32
190 196 2157.11
190 201 495.83
190 214 3318.36
190 215 5017.82
190 216 13610.29
190 226 20547.72
191 192 13597.80
191 196 3734.67
192 196 2623.83
193 194 7719.57
193 195 10257.66
193 217 14859.98
193 218 9429.71
193 219 7559.30
193 220 8061.28
193 850 16694.27
193 851 1984.76
194 195 3906.76
194 217 7336.82
194 222 3844.62
195 222 3176.74
195 226 15653.45
196 201 12282.73
197 198 3089.95
197 200 3013.63
197 201 9483.08
197 202 2227.69
198 199 2759.99
198 200 6122.15
198 203 2069.40
199 203 2153.95
199 204 5805.25
2 3 865.19
2 31 1955.93
2 32 11927.10
2 7 7153.32
20 21 14137.52
20 23 1879.41
20 25 18374.20
20 27 2143.01
200 202 1878.39
200 203 3452.52
201 202 4746.01
201 214 5888.92
202 203 2946.72
202 209 744.24
202 210 410.99
202 212 3942.62
202 213 4301.96
202 214 1854.40
202 225 1907.68
203 204 4091.91
203 207 1997.46
203 209 3136.25
203 211 748.25
203 225 217.19
204 205 4769.70
204 206 2322.72
204 207 5428.88
204 208 2168.55
205 207 944.60
206 207 6801.99
207 208 2339.00
207 225 8834.40
207 818 10865.83
207 960 7358.30
207 965 12612.12
209 210 857.95
209 211 980.20
21 22 20094.40
21 25 6058.84
21 9 13290.46
210 211 1129.89
210 225 1053.13
211 225 737.44
212 213 1781.52
212 225 3162.90
213 214 1256.75
213 225 1806.49
214 215 7184.93
214 225 2292.30
215 216 1587.49
215 223 2115.58
215 224 1508.51
215 225 5117.39
216 224 14787.42
216 226 6433.68
217 220 13268.73
217 221 3084.31
217 222 17115.28
218 219 18423.70
218 229 9279.99
218 851 10452.78
218 852 4861.74
218 853 11698.24
219 220 20400.69
219 229 9506.21
22 25 7131.46
22 32 14357.76
22 33 7201.70
22 35 11514.54
22 37 8832.31
220 221 15793.67
220 229 1944.34
221 222 6864.44
221 226 4652.77
221 227 3748.83
221 229 24278.91
221 230 14939.22
221 886 4057.72
222 226 14847.95
223 224 14550.43
223 225 3432.02
223 419 17632.93
224 226 3509.26
224 419 9032.87
225 419 9166.92
225 965 637.36
226 227 13597.98
226 419 4329.92
227 228 12418.47
227 230 13172.14
227 419 4188.27
228 230 16845.43
228 419 5023.66
228 424 7785.83
229 852 7142.79
229 854 3580.60
229 855 6110.91
229 886 42803.95
23 24 15056.62
23 27 4013.37
230 231 7577.58
230 424 2075.31
230 441 11229.30
230 886 14572.00
231 886 23414.29
232 233 551.96
232 234 2240.03
232 235 166.14
232 236 42.54
232 239 212.73
232 241 817.43
232 242 325.84
232 244 767.99
232 443 5134.71
232 984 304.66
233 235 370.99
233 241 76.14
234 238 1805.66
234 245 684.83
234 249 2233.53
234 254 332.27
234 984 395.84
235 236 474.19
235 241 345.07
236 239 206.22
236 240 172.34
236 241 118.97
237 238 1151.96
237 247 87.10
237 251 1676.55
237 252 896.66
237 985 2091.08
238 246 679.11
238 247 295.36
239 240 253.46
239 244 233.46
24 27 4208.01
24 28 5832.30
24 29 7467.01
240 241 77.31
240 243 153.81
240 244 170.13
241 242 299.99
241 243 669.08
242 243 231.37
242 248 241.37
242 253 427.44
243 244 103.62
243 248 365.04
244 248 347.38
244 253 124.82
244 254 716.34
245 246 479.76
245 249 876.60
245 250 721.05
246 247 252.03
246 250 238.49
247 250 2295.90
247 251 891.03
248 253 266.15
249 250 826.90
249 254 1271.08
249 255 483.26
25 27 15046.80
25 28 2628.13
25 33 14238.48
25 39 1794.21
250 251 531.21
250 255 2612.03
251 252 1215.92
251 255 507.93
251 257 594.85
251 258 1690.37
251 259 1453.22
251 262 796.00
251 267 813.58
252 256 637.31
252 257 590.05
252 985 2548.15
252 986 226.56
252 987 241.77
253 254 1356.58
254 255 435.43
254 260 2880.57
254 264 1564.04
255 259 3533.25
255 261 4177.40
255 264 81.09
255 265 111.50
256 257 713.06
256 987 293.39
256 990 474.83
257 267 746.82
257 268 629.00
257 275 214.30
257 276 135.49
257 453 428.82
258 262 661.57
259 262 291.88
259 265 439.41
259 267 297.89
260 264 8.93
260 269 146.32
260 271 175.98
260 281 1639.67
261 264 1034.36
261 265 183.16
261 278 546.76
261 279 71.04
262 267 776.63
263 265 35.63
263 266 158.02
263 267 750.63
264 271 680.20
264 272 790.27
264 279 753.06
264 285 123.63
264 286 84.57
264 287 92.50
265 266 376.63
265 267 1257.75
265 277 1018.36
265 278 1044.61
265 289 467.86
265 300 27.11
265 301 357.59
265 302 34.85
266 267 400.91
267 276 1451.11
268 273 614.40
268 274 227.98
268 275 991.27
268 453 637.18
269 270 374.19
269 271 333.87
269 280 224.09
269 281 343.95
27 28 27666.29
270 280 170.62
270 281 477.27
271 272 322.38
271 280 401.18
271 284 350.39
271 285 54.53
272 285 242.53
273 274 617.05
273 453 758.17
274 275 258.33
274 302 492.53
274 303 214.08
274 453 442.77
275 276 738.17
275 302 69.99
276 302 1523.30
277 289 643.08
277 299 333.39
277 300 394.54
277 306 140.19
278 279 511.65
278 289 555.29
279 287 212.14
279 288 804.42
279 297 110.26
279 298 184.16
28 29 9172.92
28 34 15754.59
28 38 8281.49
28 39 7736.66
280 281 286.86
280 283 302.94
281 282 852.33
281 474 864.60
282 283 217.55
282 290 649.97
282 291 13.27
282 474 585.26
283 284 245.64
283 291 334.48
284 285 391.02
284 291 456.49
284 292 611.75
285 286 437.69
285 292 221.96
286 287 520.26
286 292 174.79
286 293 183.00
287 288 390.59
287 293 104.28
287 294 206.75
288 294 101.45
288 295 135.70
288 297 203.87
289 298 182.66
289 299 353.79
29 38 15699.15
290 291 506.19
290 308 461.33
290 320 142.55
290 334 55.44
290 359 101.52
290 361 1018.40
290 474 1606.31
291 292 34.84
291 308 336.58
292 293 341.94
292 308 242.51
292 309 322.56
292 320 176.10
292 321 289.91
293 294 343.59
293 309 221.50
294 295 327.91
294 309 216.54
295 296 141.95
295 297 256.58
295 310 166.66
296 297 677.41
296 310 171.47
297 298 320.32
297 307 137.20
297 310 34.34
298 299 132.37
298 307 160.88
299 307 516.85
299 311 197.59
3 4 911.67
3 7 658.68
30 5 2438.42
30 6 9134.75
30 674 3963.90
30 678 19006.99
30 680 18863.97
300 301 232.81
300 305 383.29
300 306 485.48
301 302 745.66
301 305 681.41
301 312 274.35
301 313 32.97
302 303 418.55
302 304 50.73
302 313 404.34
302 315 231.28
302 316 630.91
302 326 114.74
302 327 360.93
302 328 242.08
303 304 465.63
303 453 127.37
304 314 679.44
304 315 589.31
304 453 438.14
305 312 574.99
306 311 530.55
306 312 114.81
307 310 455.88
307 318 495.18
307 319 95.76
308 320 512.98
309 310 183.44
309 321 434.32
31 32 5141.98
31 35 7060.04
31 36 9318.84
31 7 4637.54
310 319 466.12
310 321 11.29
311 317 450.24
311 318 175.83
311 326 117.90
312 313 492.60
312 326 567.61
313 326 838.48
314 315 272.41
314 344 475.62
314 345 1678.88
314 346 510.02
314 347 161.23
314 369 198.32
314 371 393.95
314 453 1713.14
315 327 276.93
315 344 247.05
316 327 330.08
316 328 454.42
317 325 310.85
317 329 137.90
317 330 169.59
318 324 86.17
318 325 492.30
319 321 50.90
319 323 441.56
319 324 291.35
32 35 7523.59
320 321 607.01
320 334 903.17
320 355 83.09
321 322 521.44
321 323 86.32
321 333 266.39
321 335 13.98
321 385 149.60
322 323 131.45
322 333 242.23
323 324 179.02
323 333 132.61
323 335 109.39
324 332 240.58
324 335 133.57
324 336 195.16
324 337 169.25
325 330 138.28
325 331 557.58
325 332 245.47
326 328 357.90
326 329 476.95
326 340 479.57
326 341 494.57
326 351 56.29
326 352 232.65
327 328 108.76
327 343 171.74
327 344 198.91
328 342 250.21
328 343 165.61
329 330 264.30
329 340 382.17
33 37 6522.74
33 39 12600.30
330 331 131.29
330 339 233.22
331 332 79.10
331 338 174.39
331 339 144.65
332 337 798.35
332 338 407.84
332 354 360.16
333 335 250.57
334 355 93.65
334 356 87.18
334 357 89.80
334 358 620.60
334 361 641.14
335 336 339.78
335 354 188.02
335 385 280.39
336 337 45.28
336 354 238.54
337 354 466.91
338 339 263.84
338 353 319.20
338 354 47.81
339 340 226.49
339 352 160.34
339 353 17.40
34 38 1429.71
34 39 9297.13
340 352 645.87
341 342 288.02
341 350 273.13
341 351 617.75
342 343 443.80
342 349 215.71
342 350 169.57
342 365 54.29
343 344 241.25
343 348 98.33
343 349 153.46
344 347 95.68
344 348 150.10
345 369 883.48
345 370 650.83
345 371 2778.58
345 373 693.55
345 374 228.18
345 395 36.42
345 396 465.10
345 397 860.69
346 347 193.46
346 369 381.24
347 348 441.82
348 349 207.19
348 367 506.97
348 368 74.43
348 369 376.39
349 365 199.07
349 367 323.04
35 36 5146.82
35 37 18889.66
350 351 607.04
350 365 442.42
350 377 327.94
350 388 97.32
351 352 656.00
351 388 323.78
352 353 247.95
352 364 270.27
352 378 900.31
352 379 14.03
352 388 806.42
353 354 119.10
353 364 613.26
354 363 508.77
354 364 141.15
354 380 67.72
354 385 772.96
355 356 782.00
355 385 872.24
356 357 635.87
356 358 41.38
356 381 551.95
356 382 56.74
356 385 795.69
357 358 565.81
358 361 55.61
358 362 985.45
358 381 60.25
358 382 406.92
359 360 636.58
359 361 270.91
359 384 584.33
359 474 707.78
36 40 10370.15
36 6 13457.87
36 680 11976.43
36 681 1019.22
36 7 1813.93
360 361 592.20
360 383 230.10
360 384 120.89
361 382 249.34
361 383 192.89
362 381 376.87
362 382 102.18
363 364 308.54
363 380 484.29
363 386 287.35
364 379 355.67
364 386 198.96
365 367 159.86
365 377 297.60
366 367 441.45
366 376 323.45
367 368 124.05
367 376 330.83
368 369 563.79
368 375 425.32
368 376 512.58
368 393 201.45
369 374 107.32
369 375 78.70
369 394 77.95
37 39 7018.86
37 43 10971.57
370 371 807.44
371 372 604.49
371 397 348.41
371 453 526.48
371 465 727.20
372 397 1009.22
372 398 1140.50
372 410 1549.87
372 465 413.94
372 480 945.00
373 374 354.06
373 395 141.70
374 394 428.62
374 395 304.77
374 399 163.12
375 394 457.80
376 377 417.35
376 391 118.15
376 392 287.37
376 393 84.28
377 388 185.38
377 389 109.97
377 390 308.49
377 391 142.45
377 401 241.37
378 379 308.04
378 387 219.40
378 388 725.03
378 403 697.58
378 416 102.85
379 386 321.51
379 387 416.49
38 39 5602.78
38 41 5104.63
38 42 16495.00
380 385 539.31
380 386 67.70
381 382 144.01
382 383 778.64
382 405 188.00
382 471 372.59
383 384 580.17
383 405 269.52
384 405 498.20
384 474 270.78
385 386 428.24
385 404 1003.85
385 471 786.63
386 387 367.46
386 404 775.86
387 403 363.78
387 404 133.54
388 389 344.43
388 402 749.50
388 416 472.33
389 401 317.65
389 402 379.50
389 416 400.23
39 41 12801.73
39 43 14743.04
390 391 253.19
390 401 655.05
391 392 568.96
391 401 274.38
391 406 547.77
391 414 122.18
392 393 666.18
392 400 177.55
392 407 59.87
393 394 273.17
393 400 235.34
394 399 42.55
394 400 119.94
395 396 215.04
395 397 43.86
395 399 170.59
396 397 369.85
397 399 289.49
397 408 48.07
397 409 517.82
397 411 320.87
397 480 164.53
398 410 2627.51
398 480 1897.37
399 400 292.17
399 408 371.39
4 5 1057.47
4 7 165.97
40 681 10743.09
400 407 665.69
401 406 8.95
401 415 601.55
401 416 347.27
402 416 525.38
403 404 920.98
403 416 533.68
404 416 767.61
404 471 2143.65
405 471 2688.20
405 474 1777.47
406 414 239.41
406 415 561.46
407 408 193.06
407 412 587.41
407 413 119.77
407 414 242.05
408 409 376.41
408 411 578.24
408 412 6.03
409 411 403.93
41 42 8450.15
41 43 7486.63
41 44 6718.10
410 464 404.36
410 465 3572.11
410 467 695.66
410 480 1956.60
411 412 558.73
411 415 601.30
411 418 138.69
411 470 1446.54
411 480 150.11
412 413 275.36
413 414 357.42
413 415 629.40
414 415 240.30
415 416 825.10
415 417 968.18
415 418 1660.22
416 417 307.90
416 418 1581.22
416 470 1640.68
416 471 1362.41
417 418 408.46
418 470 5529.19
419 420 11472.59
419 421 3040.76
419 424 5607.41
419 961 10133.08
419 965 6097.97
42 44 19773.66
420 421 3401.20
420 422 1308.65
420 427 376.68
420 429 2231.28
420 430 397.36
420 436 7691.57
420 961 8607.69
420 972 2186.13
421 422 2822.82
421 423 1466.15
421 424 2897.27
421 425 1131.58
422 423 2586.60
422 436 705.26
423 436 2219.00
423 437 1553.75
424 425 2451.01
424 426 865.12
424 441 8623.10
425 426 2076.12
425 437 1645.84
426 437 1852.50
426 441 2232.44
427 428 1418.22
427 429 632.96
427 430 1573.53
427 431 131.19
428 429 1575.28
428 431 478.67
429 431 503.63
429 436 2066.85
430 431 448.57
430 432 249.24
430 433 74.57
430 434 1024.13
430 439 2792.61
430 440 386.33
430 972 2726.18
430 973 987.82
431 432 706.46
431 433 520.43
431 436 354.83
431 438 1109.29
431 440 439.72
432 433 627.97
433 434 120.17
433 435 526.02
434 435 1000.43
435 440 3992.49
436 437 6087.37
436 438 7750.91
436 441 822.43
436 447 8640.71
438 440 7431.30
438 445 4086.52
438 447 6414.29
439 440 8890.14
439 443 1274.49
439 973 2747.83
439 979 3394.91
44 45 31875.22
440 443 2704.06
440 445 304.87
441 442 10044.73
441 447 4273.26
441 455 1008.95
441 478 6480.27
441 886 10683.51
442 444 6275.45
442 447 1115.94
442 448 2307.27
443 445 9082.31
443 446 1788.13
443 984 3425.22
444 448 10173.65
444 451 167.98
444 454 14825.09
444 472 667.60
444 478 17099.12
445 446 9175.71
445 447 4686.80
447 448 7714.34
447 451 2828.95
448 451 3400.79
451 454 2968.45
451 456 1580.70
451 457 4198.45
451 466 7213.82
452 453 3058.46
452 458 7512.48
452 462 295.07
452 465 1562.65
452 658 6127.71
452 666 3621.68
452 986 4849.46
452 990 3735.72
453 465 1170.50
453 990 2175.19
454 456 3975.95
454 472 5915.89
455 478 17634.93
455 886 10778.13
455 890 4983.50
456 466 5862.69
456 472 5482.50
456 473 993.08
457 466 8146.18
457 473 2975.26
457 474 6251.04
458 462 1511.72
458 463 3264.04
458 464 5060.56
458 465 3475.38
459 460 234.66
459 469 408.91
459 667 9852.84
46 47 1993.68
460 461 3915.67
460 468 750.05
460 469 2864.13
460 664 4784.33
460 665 4704.97
460 667 2760.49
461 468 1305.29
461 469 2985.69
461 475 2198.91
462 463 5506.54
462 468 1391.40
462 475 949.18
462 665 1794.50
462 666 6290.43
463 464 134.27
463 467 7970.86
463 475 1771.60
463 476 1054.83
464 465 855.28
464 467 3045.79
466 473 2740.31
467 476 7932.99
467 480 1348.22
468 475 3413.18
468 665 4109.51
469 475 7490.94
469 490 5268.42
47 48 1083.71
47 51 1025.16
47 52 606.92
470 471 2582.25
470 479 4568.85
470 480 1619.78
470 483 1501.63
470 486 1261.58
471 474 4953.19
471 483 4162.80
472 473 3239.81
472 478 8614.94
472 489 4134.20
473 474 7831.41
473 489 9545.92
473 493 1314.82
474 483 3350.00
474 484 430.40
474 493 4629.67
475 476 711.37
475 477 1717.68
475 490 711.51
475 491 2839.30
476 477 8554.07
476 480 337.77
477 480 2534.87
477 481 2172.37
477 482 1857.54
477 491 8077.15
478 489 3042.20
478 784 1983.37
478 890 13778.11
479 480 3396.54
479 486 4963.99
479 494 3865.74
479 495 2820.63
48 49 362.87
48 50 718.30
48 51 81.59
480 482 2872.40
480 494 1685.39
481 482 2289.08
481 491 3899.80
481 494 1369.22
481 495 5356.89
482 494 2289.83
483 484 4481.22
483 486 1361.85
484 485 2257.95
484 486 1474.31
484 487 1482.94
484 493 592.03
485 486 2759.64
486 487 1766.41
486 488 695.63
486 493 1498.04
486 495 1405.48
486 500 6190.09
486 501 471.42
487 488 526.20
487 493 2111.81
489 493 6178.15
489 499 1573.30
489 784 4629.82
489 787 7365.99
489 788 5987.63
49 50 1682.71
49 55 1891.85
49 56 504.80
490 491 3911.30
490 496 3053.46
491 495 3438.20
491 496 4847.00
492 494 4119.99
492 495 4225.11
493 499 5172.67
493 500 2917.44
494 495 2803.82
495 496 8946.40
495 497 3172.27
495 498 1998.67
495 501 1786.26
495 507 14436.41
496 497 3297.29
496 498 5725.69
496 507 4869.62
497 498 1501.94
499 500 3332.16
499 504 7917.71
499 788 2457.67
499 792 8298.94
5 6 10661.75
5 7 259.48
50 51 676.94
50 54 500.80
50 56 82.67
50 57 742.35
500 501 3004.62
500 502 4474.03
500 503 1007.35
500 504 2263.55
500 505 1018.55
501 502 3011.31
501 503 967.61
501 507 5535.17
502 503 2477.25
503 505 267.96
503 506 3285.52
503 507 149.98
504 505 4115.60
504 792 1040.59
505 506 2331.03
505 509 3307.74
505 792 2953.90
506 507 4338.86
506 508 3904.60
506 509 2735.72
507 508 3583.82
507 510 7090.17
508 509 393.76
508 510 11895.95
508 797 7155.65
509 792 1112.10
509 797 3423.11
509 798 5195.23
51 52 476.18
51 54 344.87
512 513 222.14
512 514 792.50
512 559 1158.53
513 514 467.67
513 515 1567.59
513 559 473.46
513 560 2371.88
514 515 529.22
514 516 161.78
515 516 928.90
515 517 177.39
515 518 716.73
515 560 347.57
516 517 662.04
517 519 264.04
517 520 754.90
518 519 521.02
518 521 684.56
518 560 307.51
519 520 376.53
519 521 190.09
52 53 1561.12
52 54 1143.39
52 59 469.16
52 60 109.31
520 521 53.03
520 522 416.10
521 522 257.97
521 525 851.58
521 560 348.22
522 523 302.60
522 524 409.92
522 525 190.51
522 581 238.72
523 524 496.22
523 527 503.82
523 528 1145.16
523 529 201.54
523 581 1063.02
524 525 315.33
524 527 235.04
525 526 1286.17
525 560 182.42
526 527 233.99
526 530 445.63
526 531 458.51
526 575 443.08
527 529 137.24
527 530 138.57
528 529 243.86
528 533 407.70
528 534 154.36
528 536 694.94
528 581 379.49
528 590 1240.80
529 530 290.19
529 533 592.17
53 60 747.42
53 70 1850.53
530 531 214.94
530 532 198.49
530 535 278.65
531 535 1861.44
531 575 2789.61
532 533 204.63
532 534 638.62
532 535 904.69
532 537 116.11
533 534 573.31
534 536 372.87
534 537 188.62
535 537 1022.08
535 575 497.06
535 594 407.79
535 600 247.32
536 537 912.64
536 590 131.90
536 600 665.44
537 600 1511.74
538 539 6580.04
538 540 1455.92
538 541 5163.42
538 546 2882.47
539 540 3049.15
539 543 5116.27
54 57 64.06
54 58 339.53
540 542 2694.26
540 543 3483.46
540 546 674.92
541 544 3883.79
541 546 3753.66
541 578 6130.38
542 543 2599.94
542 545 1245.24
542 546 3409.27
542 547 2972.64
543 545 21479.08
544 546 3066.33
544 554 1031.10
544 578 4382.88
545 547 2435.50
545 548 5601.84
545 556 5257.15
545 90 4952.99
545 91 7731.59
545 98 2662.23
546 547 3510.30
546 554 2213.51
547 548 2724.73
547 554 733.96
548 553 6487.57
548 554 1022.30
548 558 2909.88
549 550 1551.60
549 551 1558.01
549 559 2956.53
55 56 672.66
55 63 1730.64
550 552 3629.40
550 559 859.67
551 578 4326.50
552 557 2133.64
552 559 529.36
552 560 2804.52
552 561 689.80
553 556 1435.12
553 558 7476.64
554 558 3017.20
554 562 1675.78
554 569 2841.92
554 578 3253.44
556 558 2391.30
556 588 2502.66
556 98 3790.26
557 560 5155.52
557 561 5262.73
557 571 1216.43
557 572 2647.51
557 573 435.93
557 575 853.99
558 568 7045.92
558 569 1736.32
558 579 327.52
558 588 3922.59
559 560 2794.01
56 57 224.66
56 62 876.28
56 64 399.58
560 575 3297.90
561 571 4023.20
562 563 1259.17
562 567 892.15
562 569 754.21
562 578 621.28
563 564 988.23
563 565 80.89
563 567 111.53
563 578 393.19
564 565 688.60
564 567 403.34
565 566 514.37
565 578 1600.99
566 567 1005.85
566 578 1061.06
567 569 506.84
567 578 1055.20
568 579 3070.38
568 583 5171.95
568 588 1711.92
569 578 2256.97
569 579 5310.05
569 584 55.33
569 585 1282.35
57 58 352.67
57 61 274.50
57 62 288.08
570 571 3499.19
570 589 2695.92
570 592 224.11
570 820 2569.80
570 821 1837.66
570 822 2546.79
571 573 1470.60
571 575 3452.11
571 592 1857.37
572 573 1227.08
572 574 692.87
572 575 937.72
573 574 862.29
573 575 546.36
574 575 3032.73
575 592 4142.69
575 594 4699.56
576 577 2719.42
576 578 3009.37
576 580 1691.88
576 585 1548.19
576 587 2305.94
576 593 2094.57
577 580 2870.43
577 582 1417.19
577 587 1273.24
578 580 1105.07
578 585 754.61
579 583 832.54
579 584 640.23
579 595 2785.23
58 59 707.43
58 61 304.60
58 67 361.79
580 581 2940.36
580 582 2710.43
581 582 1665.35
581 590 2769.52
582 587 927.96
582 590 1459.47
582 598 2222.36
583 588 1578.56
583 595 5431.87
583 596 2783.74
584 585 918.42
584 586 2774.63
584 595 2483.57
585 586 1510.38
585 593 1350.58
586 593 2950.31
586 595 741.26
586 597 2049.85
587 593 2275.59
587 598 1905.00
587 602 4386.79
587 618 2906.91
587 619 343.21
588 591 4165.42
588 596 1174.33
588 98 3216.60
589 592 3160.61
589 822 547.23
589 827 831.32
59 60 677.05
59 68 185.75
590 598 1741.36
590 600 4210.50
590 602 2147.01
591 596 1961.55
591 599 1582.21
591 603 1328.70
592 594 1342.15
592 827 6293.03
592 828 504.31
593 597 946.89
593 601 1552.84
593 618 1466.03
594 600 2251.60
594 604 4540.10
594 605 420.79
594 828 3339.86
594 834 1556.90
595 596 2830.09
595 597 6481.33
596 597 392.46
596 599 3821.91
597 599 989.75
597 601 5763.92
597 603 2182.09
598 602 5430.69
599 603 5705.27
6 680 4469.61
6 7 3968.84
60 69 214.61
60 70 249.51
600 602 1615.75
600 604 4140.05
600 608 2722.25
601 603 500.51
601 607 1907.00
601 618 2676.82
601 620 2778.43
601 621 509.88
602 608 5440.68
602 619 4450.81
602 622 3470.23
602 626 1594.00
603 607 4811.71
604 605 6257.16
604 606 3404.19
604 608 315.11
604 834 2003.73
606 608 4180.47
606 623 1071.65
606 625 2754.17
606 629 2109.35
606 834 2703.59
607 621 831.97
607 627 2164.09
607 633 1623.57
608 622 4183.93
608 625 2168.50
609 610 1108.61
609 611 3912.50
609 613 575.06
609 614 2731.77
609 636 1998.12
609 637 1023.04
609 646 4251.44
609 648 7563.24
609 649 1913.82
61 62 351.20
61 66 271.02
610 611 1557.89
610 612 1020.20
610 613 200.26
611 612 524.40
611 616 1363.44
611 649 1697.19
611 654 2960.62
612 613 66.07
612 615 663.50
612 616 158.78
613 614 690.19
613 615 309.40
613 617 321.88
614 617 1302.16
614 647 1266.74
614 648 1561.57
614 651 562.24
614 653 2824.01
614 659 2509.69
614 844 2431.21
615 616 1020.72
615 617 207.27
616 617 734.09
616 654 157.53
616 659 2693.67
617 659 1698.84
618 619 3665.27
618 620 1540.10
619 620 1698.76
619 624 3263.53
619 626 709.87
62 64 187.96
62 65 242.75
62 66 23.56
620 621 5496.91
620 624 4371.20
621 624 1731.55
621 627 5291.69
622 625 928.63
622 626 5174.62
623 629 3939.42
623 630 892.97
623 636 1140.60
623 637 500.26
623 834 3631.20
624 626 2129.86
624 627 594.38
624 628 3097.83
624 634 1220.25
624 644 1847.44
625 629 548.28
625 634 2153.07
625 635 3102.87
625 638 1068.85
626 634 6469.72
627 628 2436.94
627 633 3651.94
628 633 4884.04
628 641 3398.78
628 644 743.98
629 636 1775.76
629 643 2034.80
63 64 1012.47
63 65 74.49
63 75 289.85
63 76 884.78
63 77 290.36
63 83 88.91
63 84 1798.22
630 631 7772.05
630 637 5976.45
630 647 2155.90
630 648 1842.77
630 833 960.44
630 834 3270.97
631 632 3419.21
631 647 1222.91
631 832 1022.90
631 833 2510.67
632 639 3203.71
632 835 1210.53
632 839 3503.86
634 638 3350.26
634 644 3070.42
634 645 1277.78
635 638 3177.39
635 643 4105.84
636 637 3934.69
636 643 4848.72
636 646 457.65
637 648 1996.72
638 643 1151.77
638 645 3827.48
638 646 3689.13
638 650 4536.21
639 647 2981.86
639 839 752.11
639 844 3733.03
64 65 493.50
640 641 2192.88
640 642 1249.94
641 642 1741.29
641 644 3162.91
642 644 838.86
642 645 508.08
642 650 2627.13
643 646 3539.52
644 645 3551.70
645 650 993.22
646 649 4656.19
646 650 774.10
646 652 888.91
647 648 2510.22
647 844 2833.25
649 652 3686.07
649 654 4408.74
649 655 3034.91
65 66 461.80
65 74 95.87
65 75 104.82
650 652 4742.61
650 657 6152.33
651 653 4157.86
651 656 3812.66
651 658 2001.02
651 843 7875.19
651 844 1688.09
652 655 3559.02
652 657 513.75
653 656 3730.06
653 659 5151.94
653 666 2093.74
654 655 1586.44
654 659 5815.59
654 661 4856.14
654 662 3088.75
654 664 734.91
655 657 2209.37
655 660 2807.24
655 661 4719.35
656 658 2510.02
656 666 2508.48
657 660 1477.43
658 666 4067.47
658 845 3017.56
658 978 876.22
658 986 3537.76
659 664 7064.38
659 666 4976.61
66 67 424.32
66 74 216.75
660 661 7013.96
661 662 2938.98
661 663 12785.82
661 667 1067.83
662 664 3853.40
662 667 6117.00
663 667 5166.16
664 665 3492.45
664 666 2365.44
664 667 963.61
665 666 6162.08
668 669 1664.14
668 674 2659.50
669 670 157.47
669 673 113.49
669 674 2654.79
669 679 734.17
67 68 511.48
67 73 237.71
670 671 222.60
670 672 110.50
670 673 606.36
670 679 590.95
671 672 841.75
671 679 1380.34
672 673 61.76
672 674 855.74
672 676 988.27
672 677 285.02
673 674 235.44
673 675 600.18
673 676 180.07
674 675 814.88
674 677 3041.40
674 678 3433.16
674 679 6510.24
674 680 6994.04
674 681 9072.37
675 676 122.59
675 677 363.05
676 677 959.47
678 679 31156.56
678 865 5543.07
678 871 1220.22
68 69 482.67
68 73 162.67
680 681 18214.30
681 682 15267.75
682 683 6816.36
684 685 603.01
684 689 719.14
684 738 3316.46
684 746 333.66
684 747 456.63
685 686 811.74
685 688 214.07
685 738 426.12
686 687 1522.43
686 688 230.61
686 738 1044.49
686 742 817.94
687 688 380.55
687 692 144.55
687 693 335.01
687 694 1006.25
687 742 614.44
688 689 224.30
688 690 374.40
688 691 172.19
689 690 797.78
689 747 442.99
69 70 471.40
69 72 268.91
69 73 101.27
690 691 406.41
690 696 240.14
690 747 317.47
691 692 169.78
691 696 552.31
692 693 662.84
692 695 489.61
692 696 345.97
692 697 114.08
693 694 872.01
693 695 256.57
694 695 282.72
694 698 1211.64
694 742 1531.95
695 697 436.37
695 698 781.98
696 697 763.16
696 747 380.56
697 698 1563.83
697 747 784.82
697 748 2383.38
698 742 1035.65
698 748 821.73
699 700 1339.51
699 701 1999.85
699 702 943.29
699 703 2806.42
699 704 1190.10
70 71 1808.29
70 72 418.82
700 701 856.84
700 702 331.00
701 702 266.09
701 703 445.53
701 704 3692.72
702 703 1552.37
703 704 13247.47
703 715 14609.99
704 705 11434.40
704 707 4094.23
704 715 11987.72
705 706 2061.92
705 707 8067.94
705 708 2817.56
706 708 12992.37
706 709 3360.11
706 710 7107.12
706 725 288.17
707 708 5779.91
707 715 9106.70
708 715 9783.11
708 725 7111.56
709 710 7844.91
709 711 3705.99
709 712 6788.65
709 716 2597.51
71 72 914.01
71 724 1057.94
71 80 329.78
71 81 625.23
710 711 2981.26
710 725 3165.33
711 716 1961.40
711 730 5159.78
712 713 2493.58
712 714 2479.38
712 716 2852.69
713 714 3701.82
713 716 5485.91
713 717 4614.77
713 723 9304.48
715 725 7271.20
715 726 22899.22
716 723 1415.82
716 730 4782.37
717 722 1877.38
717 723 7391.44
718 719 4213.00
718 720 3101.25
718 724 2541.41
719 720 1445.10
719 724 2979.07
719 729 2703.47
72 73 368.63
72 80 68.07
720 721 5182.09
720 727 2928.04
721 727 3360.08
722 723 2327.94
722 731 3080.30
723 730 8119.76
723 731 2768.28
723 734 585.35
723 735 14459.65
724 728 6436.69
724 729 2760.85
724 733 3106.03
724 81 216.74
724 86 519.04
724 87 1062.07
724 89 1129.53
725 726 7791.44
725 730 14336.10
725 740 5292.06
726 739 29213.06
726 740 3853.10
727 729 4455.78
727 733 1874.20
727 736 8223.98
728 732 3477.70
728 733 8051.87
728 737 3846.67
728 738 2078.63
729 733 8501.29
73 74 309.97
73 80 534.89
730 735 16694.15
730 740 4545.56
730 752 17899.00
730 755 2216.30
731 734 8449.08
731 736 10823.52
731 749 3714.87
732 737 3747.53
732 742 5137.82
733 736 5093.93
733 738 1785.81
733 741 4750.31
733 746 6166.50
734 735 7063.71
734 749 9131.31
735 749 9932.84
735 755 7550.15
736 741 5367.42
736 749 10377.41
737 738 1191.30
738 742 3787.49
738 746 3641.11
739 740 13279.74
739 744 30864.68
739 751 4254.21
739 752 141.07
74 75 328.41
74 79 243.72
74 80 109.08
740 752 11177.11
741 745 9990.55
741 746 4247.87
741 749 168.69
742 748 4685.89
742 756 6968.98
743 745 8876.72
743 746 2946.06
743 747 2573.95
743 748 2440.09
743 750 4189.59
743 754 4464.06
744 751 22454.38
745 746 1332.01
745 749 5591.39
745 754 4641.55
745 760 4109.11
746 747 3548.72
747 748 4855.69
748 750 6160.34
748 756 552.93
749 755 12063.87
749 758 7086.81
749 760 14433.89
75 76 355.57
75 78 374.38
750 753 3509.71
751 752 17505.38
752 755 13301.58
752 761 10340.65
753 754 6724.31
753 756 4814.73
753 759 2589.54
754 757 9544.78
754 759 1324.95
754 760 7118.00
755 758 3944.69
755 761 1107.26
755 764 10949.23
756 759 8484.96
757 759 1135.79
757 760 3120.78
757 762 8524.93
757 765 8609.09
758 760 11083.87
758 764 11813.11
759 762 3188.86
759 763 1732.84
759 770 8537.45
76 77 404.98
76 78 98.11
760 764 2821.01
760 765 6593.57
760 769 10934.43
760 772 8323.88
760 773 4162.25
761 764 9600.83
762 763 9012.46
762 765 5222.11
762 769 2892.53
762 771 3778.93
763 770 4758.22
763 771 5625.80
764 773 17289.75
765 766 1838.43
765 767 530.62
765 768 358.80
765 769 6483.78
766 767 374.50
766 768 796.03
767 768 652.21
767 769 503.05
768 769 495.19
769 771 10162.10
769 772 1843.18
769 774 10347.70
77 78 219.11
77 82 126.44
77 83 1230.19
771 774 5784.54
771 775 6195.51
772 773 7497.31
772 774 4676.58
772 776 5822.05
773 776 10000.05
774 775 7067.85
774 776 6819.32
774 777 5398.98
775 777 7369.45
776 777 9075.33
776 778 5453.21
777 778 17049.09
778 779 21339.25
779 780 21574.39
78 79 281.86
78 82 468.24
781 782 929.68
781 783 379.08
781 799 974.27
781 802 505.58
781 803 551.07
781 805 520.32
782 783 716.69
782 805 226.35
783 805 227.10
783 806 1173.75
783 808 951.20
784 785 4143.87
784 786 430.56
784 787 267.08
784 890 3945.18
785 786 6626.09
785 787 6363.10
785 794 3282.34
786 790 1848.35
786 890 6910.81
787 788 5588.04
787 793 3105.93
787 794 7236.98
788 791 1688.27
788 792 4214.40
788 793 4383.42
789 793 8232.16
789 794 4599.93
789 795 3116.57
789 796 2877.09
789 799 442.83
789 800 268.53
789 802 5399.59
79 80 387.32
79 81 105.78
79 82 462.25
79 85 138.64
790 794 4854.71
790 795 2375.85
790 890 1756.23
790 908 4075.50
790 927 4232.23
791 792 9296.31
791 793 4288.90
792 793 6073.06
792 798 5346.35
792 799 882.50
792 803 7145.83
793 794 3953.20
793 799 7024.55
794 795 2716.00
795 796 7047.63
795 927 1666.26
796 800 7105.66
796 927 3949.09
797 798 3199.10
798 803 8419.76
798 805 11461.60
799 802 8976.08
799 803 11060.40
8 9 8123.05
80 81 874.41
800 801 3584.50
800 802 760.76
800 804 4000.68
800 884 2486.80
800 927 2286.80
800 935 1884.79
801 802 6291.01
801 804 2532.27
802 804 2095.13
802 806 7040.12
803 805 8363.13
804 806 14368.69
804 884 1613.58
804 941 5371.95
805 808 8128.18
806 807 17652.22
806 808 1470.35
806 941 5113.39
806 949 7058.70
807 808 8826.28
809 810 2008.36
809 811 237.78
809 812 1752.55
809 813 1626.93
809 814 385.85
809 815 64.53
809 826 856.97
809 830 2724.01
809 831 199.50
81 85 41.07
81 86 1143.96
810 811 1668.16
810 817 2997.93
810 826 3031.92
810 836 2239.28
810 955 2261.60
810 964 3400.07
811 815 139.68
811 816 358.86
811 817 159.62
812 813 698.29
812 814 1306.75
812 815 1871.00
812 836 345.84
812 838 2244.85
813 831 1983.12
813 838 3201.72
813 839 730.19
814 815 542.05
815 816 663.83
815 817 1066.94
815 836 1291.40
816 817 675.60
817 836 1715.45
818 819 11492.58
818 960 1152.24
819 820 1342.01
819 821 7486.64
819 960 8303.30
82 83 106.20
82 85 617.80
820 821 4895.18
821 822 3161.96
821 826 2489.20
821 960 5060.12
821 962 2085.40
822 823 2712.22
822 824 2567.03
822 825 1976.82
822 826 3970.64
822 827 306.43
822 829 1291.04
823 824 2237.15
823 827 3162.49
824 827 359.10
824 829 1014.03
825 826 6391.68
826 829 2430.06
826 830 2886.50
826 831 25.11
826 962 629.72
826 963 4177.01
826 964 553.68
827 828 2875.38
827 829 6205.34
827 832 3124.30
827 833 2196.22
828 833 1434.22
828 834 4070.92
829 831 3342.00
829 832 599.11
83 84 364.01
83 85 495.38
830 831 497.49
831 832 3197.31
831 839 1844.41
832 833 3285.19
832 835 3638.96
832 839 2176.77
833 834 4244.00
835 839 1024.04
836 837 2937.53
836 838 3108.39
836 840 1443.08
836 842 2109.90
836 843 474.94
836 954 191.70
836 955 290.28
836 958 1311.78
837 840 559.48
837 841 3287.20
837 958 939.87
837 975 1611.40
837 976 811.08
838 839 2100.41
838 842 1501.89
839 842 4035.12
839 844 405.97
84 85 325.60
84 88 742.14
840 841 1829.26
840 843 958.33
841 843 3099.63
841 845 1977.13
841 976 2173.66
841 978 375.01
842 843 6675.35
842 844 4990.27
843 844 2289.72
843 845 5301.44
845 978 6968.78
846 847 892.67
846 857 2009.42
847 848 1536.22
847 849 40.90
847 857 1139.83
848 849 901.37
848 857 624.93
849 857 1086.23
85 86 546.93
85 88 780.39
850 851 32794.22
851 853 13566.73
852 853 15184.49
852 854 16515.49
853 854 5913.94
854 855 17306.44
855 857 27057.46
855 886 3774.44
856 857 4400.24
856 859 13339.03
857 858 38669.03
857 859 420.71
857 861 3430.65
857 886 13547.63
857 888 7724.79
858 860 10520.23
858 861 5189.60
858 862 4765.95
858 867 7189.36
858 868 5531.86
858 888 2450.17
859 861 11796.98
859 863 14327.93
859 864 3646.43
859 866 13379.41
86 87 888.23
860 861 5434.05
860 862 7669.94
861 862 3309.37
861 863 7516.70
861 869 9774.50
862 867 11999.45
862 869 27999.17
862 904 7761.61
862 932 4770.25
863 866 1755.98
863 869 14777.28
864 865 13589.83
864 866 10541.84
864 870 1579.64
864 871 10712.31
865 871 6122.54
866 870 3537.48
867 868 17764.14
867 904 7527.26
868 888 5374.24
868 904 25665.42
87 88 965.94
87 89 1091.33
870 871 3981.03
872 873 1550.58
872 874 842.86
872 879 1362.24
872 884 969.11
872 935 502.76
873 874 866.70
873 875 647.64
873 876 73.89
873 928 2388.16
873 934 249.64
873 935 203.52
874 875 266.62
874 879 237.13
874 880 690.20
874 881 50.51
875 876 679.20
875 878 302.29
875 881 58.87
876 877 411.25
876 878 419.79
876 928 505.31
877 878 973.28
877 928 1864.74
877 940 2446.20
878 881 1314.00
878 940 91.92
879 880 145.60
879 883 697.74
879 884 1170.29
88 89 303.74
880 881 380.34
880 883 237.34
880 942 289.76
881 882 843.03
881 885 865.60
881 940 1084.91
881 942 247.27
882 885 794.74
882 942 543.29
883 884 3198.70
883 942 3057.33
884 935 9446.99
884 941 12804.12
884 942 3612.61
885 940 1880.40
885 942 1123.04
886 887 34894.86
886 888 959.40
886 890 4265.80
886 892 7159.22
886 893 4806.54
887 888 8372.56
887 889 12668.22
887 893 5097.88
888 889 8048.02
888 891 24602.75
888 904 3416.02
889 891 2521.23
889 893 7609.15
890 892 16741.07
890 908 7061.91
891 893 1424.99
891 897 4911.61
891 904 6038.46
891 920 9459.50
891 922 8822.39
892 893 8048.02
892 894 15758.22
892 900 605.75
892 905 6648.68
892 908 1970.56
892 923 4060.97
893 894 13101.26
893 897 2627.34
893 900 3850.07
894 900 10962.94
895 896 1074.90
895 897 1321.38
895 898 433.65
895 899 981.99
896 897 2557.20
897 898 667.16
897 899 903.24
897 900 623.37
897 903 1598.07
897 922 5621.00
898 899 868.23
899 900 2995.28
899 901 899.88
899 902 398.67
899 903 398.82
90 91 8461.08
90 95 2874.84
90 96 14096.51
90 97 6345.21
900 901 635.56
900 905 349.90
900 906 3257.59
900 907 4454.32
900 910 2479.33
901 902 1114.58
901 903 1211.32
901 907 531.57
902 903 1674.00
903 907 4503.42
903 919 1822.53
903 922 2276.31
903 929 2549.40
904 920 4171.21
904 921 10953.26
904 925 10972.62
904 932 5887.69
905 906 3287.51
905 909 4485.66
905 923 1545.57
906 909 2297.86
906 910 2608.40
907 911 4737.29
907 915 1166.01
907 919 4010.07
907 928 718.25
908 923 6412.26
908 927 5926.03
909 910 278.95
909 918 1986.64
909 923 7565.29
91 97 8638.93
91 98 3578.76
910 911 3363.59
910 913 599.94
910 914 585.14
910 918 1430.71
911 912 802.12
911 913 339.61
911 915 799.17
912 913 370.09
912 915 827.68
913 914 531.77
913 915 63.60
913 916 195.66
914 916 53.51
914 917 392.63
914 918 1133.44
915 916 1242.80
915 928 73.13
916 917 1399.31
916 928 1969.62
917 918 1192.69
917 928 163.46
918 923 3257.99
918 928 6243.92
919 929 1918.71
919 931 4892.19
92 93 657.85
92 95 678.18
920 921 4399.46
920 922 11927.49
920 924 6353.58
921 924 1885.07
921 925 489.35
921 926 6923.33
922 924 6595.50
922 929 5382.25
922 938 10990.96
923 927 1301.08
923 928 2147.39
923 933 5680.31
923 934 2252.43
924 926 7471.76
924 936 7748.01
924 938 4550.63
924 939 216.28
925 926 11752.40
925 932 9120.47
925 937 10113.81
926 936 3832.92
926 937 4380.45
926 943 2759.82
927 933 4619.22
927 935 5875.13
928 930 2831.31
928 931 6982.58
928 934 8183.65
928 940 8410.20
929 930 2887.20
929 931 5881.77
929 938 2548.49
93 94 622.28
93 95 468.82
930 931 8678.74
930 938 4562.08
930 940 5239.54
932 937 1540.19
933 934 3798.82
933 935 3974.17
934 935 1090.31
936 939 9839.86
936 943 16417.03
936 944 2415.19
937 943 7202.81
938 939 15158.03
938 940 5769.81
938 944 6264.14
938 946 2037.09
939 944 18204.99
94 95 1348.37
940 942 4720.57
940 945 827.89
940 946 12462.34
941 942 1755.68
941 949 9166.52
942 945 11308.10
942 949 3383.50
944 946 7861.21
944 947 2893.33
944 948 8445.88
944 950 1412.12
945 946 11800.67
945 949 10148.86
945 951 14715.35
946 950 9091.24
946 951 1862.59
947 948 10171.38
947 950 5405.07
947 953 5685.57
948 950 3413.66
949 951 6625.18
95 96 5808.80
950 951 1686.86
950 952 9273.09
950 953 8059.58
951 952 14146.26
952 953 8254.43
954 955 2323.23
954 958 1544.64
955 956 1140.76
955 957 653.16
955 964 873.90
955 968 1225.81
956 957 1096.51
956 959 514.09
956 968 1493.77
957 958 454.87
957 959 758.27
958 959 1318.71
958 975 1255.15
959 975 2745.42
959 976 816.02
960 962 8580.21
960 965 11203.46
961 965 10451.03
961 966 9831.34
961 972 2613.35
962 963 6062.07
962 965 3825.15
962 967 3220.65
962 968 3262.41
963 964 5298.47
963 967 1007.94
964 967 2976.32
964 968 974.31
965 966 6231.10
965 968 3406.29
965 969 5957.11
966 969 2351.22
966 970 2717.62
966 972 2644.25
967 968 4155.35
968 969 5760.06
969 970 5543.31
969 971 3985.69
97 98 1159.57
97 99 6988.85
970 972 3646.24
970 977 1195.54
972 973 3088.38
972 977 1748.60
973 977 2525.55
973 979 1835.75
975 976 2083.42
976 978 3947.12
977 978 1839.76
977 979 5111.87
977 980 1390.00
978 980 3070.44
978 986 6103.32
979 980 2705.88
98 99 8466.36
980 981 7004.29
980 982 4014.04
980 986 1784.42
981 982 2056.13
982 985 2530.21
982 986 6086.37
985 986 5575.28
986 987 1866.81
986 988 141.51
986 989 305.12
986 990 5873.06
987 988 1032.40
987 990 72.56
988 989 757.50
988 990 190.21
989 990 698.34
991 994 821.02
991 995 637.15
991 996 694.19
991 997 253.30
992 993 1360.24
992 998 112.46
993 998 101.76
994 997 727.57
994 998 1909.42
995 996 1390.23
995 997 899.23
998 999 402.16
1006 0 14305.02
1007 0 11781.25
1008 0 4546.09
1009 0 3940.14
101 0 13911.76
1010 0 1691.97
1011 0 4065.76
1012 0 2988.44
1013 0 1305.06
102 0 6416.46
1020 0 3089.17
1049 0 3726.17
1051 0 39953.72
1053 0 4110.08
1054 0 23128.82
1057 0 6838.79
1058 0 8742.77
1059 0 4486.49
1060 0 8168.18
1061 0 3059.35
1062 0 4232.24
1076 0 15658.51
1078 0 1597.22
1079 0 8427.21
1082 0 9088.78
1083 0 9793.24
1087 0 12011.31
1088 0 23540.42
11 0 6389.17
1119 0 9843.47
112 0 11034.89
1121 0 11849.87
1122 0 13210.70
1123 0 1653.30
1125 0 7636.36
1128 0 40372.25
1129 0 6976.59
1130 0 4322.49
1131 0 14734.22
1132 0 12472.08
12 0 21776.53
13 0 11975.06
160 0 10775.78
17 0 4693.25
18 0 23361.14
182 0 6314.21
183 0 8772.71
184 0 9945.43
185 0 5457.05
186 0 816.17
189 0 7153.82
191 0 4688.83
193 0 39111.49
196 0 2913.50
197 0 1855.35
198 0 6835.29
199 0 4345.40
201 0 983.95
204 0 1559.71
205 0 13142.29
24 0 11248.99
29 0 6130.63
38 0 8857.83
42 0 5595.63
44 0 13097.42
45 0 6403.11
459 0 3366.43
469 0 10356.49
490 0 3884.50
496 0 20471.72
507 0 12350.80
510 0 5378.33
661 0 294.34
663 0 3120.19
667 0 5978.29
674 0 35563.35
678 0 26186.03
679 0 14707.35
681 0 23345.02
682 0 20222.84
683 0 23697.37
699 0 17795.23
703 0 11570.50
715 0 7447.13
726 0 25578.55
732 0 14584.95
742 0 16502.16
744 0 46966.41
751 0 15076.30
752 0 7088.32
756 0 12931.46
759 0 6000.87
761 0 13290.25
763 0 817.73
764 0 26367.00
770 0 13689.79
771 0 8105.45
773 0 16970.80
775 0 13154.19
776 0 11246.38
777 0 4636.06
778 0 19343.73
779 0 21796.33
780 0 27999.70
8 0 58215.49
847 0 188.67
848 0 302.72
850 0 30632.35
851 0 11055.29
853 0 4427.41
854 0 8312.46
855 0 5451.06
856 0 12852.79
857 0 5255.64
859 0 14743.23
862 0 11445.29
863 0 11312.85
864 0 21999.14
865 0 6308.70
866 0 8030.10
869 0 9267.69
870 0 14970.56
871 0 9652.47
9 0 23954.04
90 0 28299.03
92 0 498.15
93 0 781.27
932 0 18295.15
936 0 12109.96
937 0 7355.83
94 0 366.44
943 0 12589.05
944 0 5445.72
947 0 20396.07
95 0 9532.84
953 0 13786.37
