# id_seccion id_distrito
1 1
10 1
11 1
12 1
13 1
14 1
15 1
16 1
17 1
18 1
19 1
2 1
20 1
21 1
22 1
23 1
24 1
25 1
27 1
28 1
29 1
3 1
30 1
31 1
32 1
33 1
34 1
35 1
36 1
37 1
38 1
39 1
4 1
40 1
41 1
42 1
43 1
44 1
45 1
5 1
6 1
7 1
8 1
9 1
809 4
810 4
811 4
812 4
813 4
814 4
815 4
816 4
817 4
818 4
819 4
820 4
821 4
822 4
823 4
824 4
825 4
826 4
827 4
828 4
829 4
830 4
831 4
832 4
833 4
834 4
835 4
836 4
837 4
838 4
839 4
840 4
841 4
842 4
843 4
844 4
845 4
846 5
847 5
848 5
849 5
850 5
851 5
852 5
853 5
854 5
855 5
856 5
857 5
858 5
859 5
860 5
861 5
862 5
863 5
864 5
865 5
866 5
867 5
868 5
869 5
870 5
871 5
872 21
873 21
874 21
875 21
876 21
877 21
878 21
879 21
880 21
881 21
882 21
883 21
884 21
885 21
886 5
887 5
888 5
889 5
890 5
891 5
892 5
893 5
894 5
895 21
896 21
897 5
898 21
899 21
900 21
901 21
902 21
903 21
904 5
905 21
906 21
907 21
908 21
909 21
910 21
911 21
912 21
913 21
914 21
915 21
916 21
917 21
918 21
919 21
920 5
921 5
922 5
923 21
924 5
925 5
926 5
927 21
928 21
929 21
930 21
931 21
932 5
933 21
934 21
935 21
936 5
937 5
938 21
939 21
940 21
941 21
942 21
943 5
944 21
945 21
946 21
947 21
948 21
949 21
950 21
951 21
952 21
953 21
1134 11
1135 11
1136 11
1137 11
1138 11
1139 11
1140 11
1141 11
1142 11
1143 11
1144 11
1150 11
1151 11
954 3
955 3
956 11
957 11
958 11
959 11
960 3
961 3
962 3
963 3
964 3
965 3
966 3
967 3
968 3
969 11
970 11
971 11
972 11
973 11
975 11
976 11
977 11
978 11
979 11
980 11
981 11
982 11
984 11
985 11
986 11
987 11
988 11
989 11
990 11
1000 3
1001 3
1002 3
1003 3
1004 3
1005 3
1006 3
1007 3
1008 3
1009 3
1010 3
1011 3
1012 3
1013 3
1014 3
1015 3
1016 3
1017 3
1018 3
1019 3
1020 3
1021 3
1022 3
1023 3
1024 3
1025 3
1026 3
1027 3
1028 3
1029 3
1030 3
1031 3
1032 3
1033 3
1034 3
1035 3
991 3
992 3
993 3
994 3
995 3
996 3
997 3
998 3
999 3
1036 6
1037 6
1038 6
1039 6
1040 6
1041 6
1042 6
1043 6
1044 6
1045 6
1046 6
1047 6
1048 6
1049 6
1050 6
1051 6
1052 6
1053 6
1054 6
1055 6
1056 6
1057 6
1058 6
1059 6
1060 6
1061 6
1062 6
1063 6
1064 6
1065 6
1066 6
1067 6
1068 6
1069 6
1070 6
1071 6
1072 6
1073 6
1074 6
1075 6
1076 6
1077 6
1078 6
1079 6
1080 6
1081 6
1082 6
1083 6
1084 6
1085 6
1086 6
1087 6
1088 6
1089 1
1090 1
1091 1
1092 1
1093 1
1094 1
1095 1
1096 1
1097 1
1098 1
1099 1
1100 1
1101 1
1102 1
1103 1
1104 1
1105 1
1106 1
1107 1
1108 1
1109 1
1110 1
1111 1
1112 1
1113 1
1114 1
1115 1
1116 1
1117 1
1118 1
1119 1
1120 1
1121 1
1122 1
1123 1
1124 1
1125 1
1126 1
1127 1
1128 1
1129 1
1130 1
1131 1
1132 1
1133 1
100 8
101 8
102 8
103 8
104 8
105 8
106 8
107 8
108 8
109 8
110 8
111 8
112 8
113 8
114 8
115 8
116 8
117 8
118 8
119 8
120 8
121 8
122 8
123 8
124 8
125 8
126 8
127 8
128 8
129 8
130 8
131 7
132 8
133 8
134 8
135 8
136 7
137 7
138 7
139 7
140 7
141 8
142 8
143 8
144 8
145 7
146 7
147 7
148 7
149 7
150 7
151 7
152 7
153 7
154 7
155 8
156 8
157 8
158 8
159 8
160 7
161 7
162 7
163 8
164 7
165 2
166 2
167 8
46 7
47 7
48 7
49 7
50 7
51 7
52 7
53 7
54 7
55 7
56 7
57 7
58 7
59 7
60 7
61 7
62 7
63 7
64 7
65 7
66 7
67 7
68 7
69 7
70 7
71 7
72 7
73 7
74 7
75 7
76 7
77 7
78 2
79 2
80 2
81 2
82 2
83 7
84 7
85 2
86 2
87 2
88 2
89 2
90 8
91 8
92 8
93 8
94 8
95 8
96 8
97 8
98 8
99 8
168 10
169 10
170 10
171 10
172 10
173 10
174 10
175 10
176 10
177 10
178 10
179 10
180 10
181 10
182 10
183 10
184 10
185 10
186 10
187 10
188 10
189 10
190 10
191 10
192 10
193 10
194 10
195 10
196 10
197 10
198 10
199 10
200 10
201 10
202 10
203 10
204 10
205 10
206 10
207 3
208 10
209 10
210 10
211 10
212 10
213 10
214 10
215 10
216 10
217 10
218 10
219 10
220 10
221 10
222 10
223 10
224 10
225 10
226 10
227 10
228 10
229 10
230 10
231 10
1148 15
1149 15
232 16
233 16
234 16
235 16
236 16
237 16
238 16
239 16
240 16
241 16
242 16
243 16
244 16
245 16
246 16
247 16
248 16
249 16
250 16
251 16
252 16
253 16
254 16
255 16
256 16
257 16
258 16
259 16
260 16
261 16
262 16
263 16
264 16
265 16
266 16
267 16
268 16
269 17
270 17
271 17
272 17
273 16
274 16
275 16
276 16
277 16
278 16
279 16
280 17
281 17
282 17
283 17
284 17
285 17
286 17
287 17
288 17
289 16
290 17
291 17
292 17
293 17
294 17
295 17
296 17
297 17
298 17
299 17
300 16
301 16
302 16
303 16
304 12
305 16
306 16
307 17
308 17
309 17
310 17
311 17
312 16
313 16
314 12
315 12
316 12
317 17
318 17
319 17
320 17
321 17
322 17
323 17
324 17
325 17
326 12
327 12
328 12
329 12
330 17
331 17
332 17
333 17
334 17
335 17
336 17
337 17
338 17
339 17
340 12
341 12
342 12
343 12
344 12
345 12
346 12
347 12
348 12
349 12
350 12
351 12
352 12
353 17
354 17
355 17
356 17
357 17
358 17
359 17
360 17
361 17
362 17
363 17
364 17
365 12
366 12
367 12
368 12
369 12
370 12
371 12
372 12
373 12
374 12
375 12
376 12
377 12
378 12
379 17
380 17
381 17
382 17
383 17
384 17
385 17
386 17
387 17
388 12
389 12
390 12
391 12
392 12
393 12
394 12
395 12
396 12
397 12
398 14
399 12
400 12
401 12
402 12
403 17
404 17
405 17
406 12
407 12
408 12
409 12
410 14
411 12
412 12
413 12
414 12
415 12
416 12
417 12
418 12
419 15
420 15
421 15
422 15
423 15
424 15
425 15
426 15
427 15
428 15
429 15
430 15
431 15
432 15
433 15
434 15
435 15
436 15
437 15
438 15
439 15
440 15
441 15
442 15
443 15
444 15
445 15
446 15
447 15
448 15
451 15
452 14
453 14
454 15
455 15
456 15
457 17
458 14
459 14
460 14
461 14
462 14
463 14
464 14
465 14
466 17
467 14
468 14
469 14
470 12
471 17
472 15
473 17
474 17
475 14
476 14
477 14
478 15
479 13
480 14
481 14
482 14
483 13
484 13
485 13
486 13
487 13
488 13
489 13
490 14
491 14
492 13
493 13
494 13
495 13
496 13
497 13
498 13
499 13
500 13
501 13
502 13
503 13
504 13
505 13
506 13
507 13
508 13
509 13
510 13
1145 18
1146 18
1147 18
512 19
513 19
514 19
515 19
516 19
517 19
518 19
519 19
520 19
521 19
522 19
523 19
524 19
525 19
526 19
527 19
528 19
529 19
530 19
531 19
532 19
533 19
534 19
535 19
536 19
537 19
538 18
539 18
540 18
541 18
542 18
543 18
544 18
545 18
546 18
547 18
548 18
549 18
550 19
551 18
552 19
553 18
554 18
556 18
557 19
558 18
559 19
560 19
561 19
562 18
563 18
564 18
565 18
566 18
567 18
568 18
569 18
570 19
571 19
572 19
573 19
574 19
575 19
576 18
577 18
578 18
579 18
580 18
581 18
582 18
583 18
584 18
585 18
586 18
587 18
588 18
589 19
590 19
591 18
592 19
593 18
594 19
595 18
596 18
597 18
598 19
599 18
600 19
601 18
602 19
603 18
604 19
605 19
606 19
607 18
608 19
609 20
610 20
611 20
612 20
613 20
614 20
615 20
616 20
617 20
618 20
619 20
620 20
621 20
622 20
623 4
624 20
625 20
626 20
627 20
628 20
629 4
630 4
631 4
632 4
633 20
634 20
635 4
636 4
637 4
638 20
639 4
640 20
641 20
642 20
643 4
644 20
645 20
646 20
647 4
648 20
649 20
650 20
651 20
652 20
653 20
654 20
655 20
656 20
657 20
658 20
659 20
660 20
661 20
662 20
663 20
664 20
665 20
666 20
667 20
668 5
669 5
670 5
671 5
672 5
673 5
674 5
675 5
676 5
677 5
678 5
679 5
680 5
681 5
682 5
683 5
684 2
685 2
686 2
687 2
688 2
689 2
690 2
691 2
692 2
693 2
694 2
695 2
696 2
697 2
698 2
699 9
700 9
701 9
702 9
703 9
704 9
705 9
706 9
707 9
708 9
709 9
710 9
711 9
712 9
713 9
714 9
715 9
716 9
717 9
718 2
719 2
720 2
721 2
722 9
723 9
724 2
725 9
726 9
727 2
728 2
729 2
730 9
731 9
732 2
733 2
734 9
735 9
736 9
737 2
738 2
739 9
740 9
741 9
742 2
743 2
744 9
745 9
746 2
747 2
748 2
749 9
750 2
751 9
752 9
753 9
754 9
755 9
756 9
757 9
758 9
759 9
760 9
761 9
762 9
763 9
764 9
765 9
766 9
767 9
768 9
769 9
770 9
771 9
772 9
773 9
774 9
775 9
776 9
777 9
778 9
779 9
780 9
781 5
782 5
783 5
784 5
785 5
786 5
787 5
788 5
789 5
790 5
791 5
792 5
793 5
794 5
795 5
796 5
797 5
798 5
799 5
800 5
801 5
802 5
803 5
804 5
805 5
806 5
807 5
808 5
