
1	1	25678881.72	4186	1155	1
1	10	78960066.66	365	1155	1
1	11	70572313.76	676	1155	1
1	12	113690744.03	896	1155	1
1	13	33710738.73	1593	1155	1
1	14	375712.73	964	1155	1
1	15	551038.48	1009	1155	1
1	16	436586.57	1011	1155	1
1	17	69180514.92	1343	1155	1
1	18	101939221.48	1622	1155	1
1	19	143276003.19	366	1155	1
1	2	37612854.33	3205	1155	1
1	20	81282885.99	893	1155	1
1	21	161232337.19	367	1155	1
1	22	158767828.22	1120	1155	1
1	23	50546263.42	1319	1155	1
1	24	161128072.96	2918	1155	1
1	25	122735665.41	1099	1155	1
1	27	52493542.29	784	1155	1
1	28	82354796.72	1043	1155	1
1	29	74785168.96	1079	1155	1
1	3	212699.01	1373	1155	1
1	30	118996408.34	1526	1155	1
1	31	29232166.63	196	1155	1
1	32	53280312.38	447	1155	1
1	33	39228862.00	468	1155	1
1	34	32216295.42	471	1155	1
1	35	90892201.06	1471	1155	1
1	36	65451786.91	848	1155	1
1	37	123506058.77	1572	1155	1
1	38	134111655.98	1321	1155	1
1	39	148993349.11	1157	1155	1
1	4	282009.82	1323	1155	1
1	40	26956300.84	1159	1155	1
1	41	101065375.79	1158	1155	1
1	42	94260139.73	2869	1155	1
1	43	98420359.97	1211	1155	1
1	44	116813895.59	2278	1155	1
1	45	129123300.22	1396	1155	1
1	5	16206754.42	2193	1155	1
1	6	43672168.69	770	1155	1
1	7	9740639.42	1515	1155	1
1	8	222548688.94	1908	1155	1
1	9	253993960.54	1741	1155	1
10	809	1793016.04	2153	1159	5
10	810	10823084.67	4532	1159	5
10	811	212707.13	1548	1159	5
10	812	1412709.99	2952	1159	5
10	813	1915305.74	2561	1159	5
10	814	144026.89	722	1159	5
10	815	1028489.43	2039	1159	5
10	816	125216.08	1248	1159	5
10	817	1042226.82	1552	1159	5
10	818	51416173.67	1675	1159	5
10	819	36319539.24	1834	1159	5
10	820	6683992.56	1180	1159	5
10	821	27141494.45	2846	1159	5
10	822	13262228.77	4064	1159	5
10	823	2261471.84	4022	1159	5
10	824	1793714.26	1566	1159	5
10	825	2597147.27	3170	1159	5
10	826	12422787.81	2230	1159	5
10	827	15646554.62	4612	1159	5
10	828	5816510.73	1982	1159	5
10	829	9387901.91	5176	1159	5
10	830	1429513.76	395	1159	5
10	831	6520359.51	1718	1159	5
10	832	10434955.54	3411	1159	5
10	833	10961729.74	1477	1159	5
10	834	16525014.48	3070	1159	5
10	835	2292763.30	1510	1159	5
10	836	8959394.97	1902	1159	5
10	837	4343975.99	1577	1159	5
10	838	5005351.91	3355	1159	5
10	839	8980523.40	2572	1159	5
10	840	1425158.82	2378	1159	5
10	841	8703100.42	3311	1159	5
10	842	19127915.26	3665	1159	5
10	843	22598686.93	1982	1159	5
10	844	14296586.32	2461	1159	5
10	845	18194357.98	2383	1159	5
11	846	385266.98	2388	1160	1
11	847	481029.98	1562	1160	1
11	848	330603.65	1389	1160	1
11	849	190629.50	1460	1160	1
11	850	203812951.59	553	1160	1
11	851	81166756.53	984	1160	1
11	852	70348418.81	664	1160	1
11	853	34964532.62	898	1160	1
11	854	102485816.64	230	1160	1
11	855	87630255.16	274	1160	1
11	856	15682234.15	417	1160	1
11	857	138891368.89	1970	1160	1
11	858	139502824.81	1020	1160	1
11	859	142900150.42	1881	1160	1
11	860	17582048.53	1136	1160	1
11	861	57648802.14	1616	1160	1
11	862	125323498.81	728	1160	1
11	863	47282490.13	1653	1160	1
11	864	73416516.85	495	1160	1
11	865	36131063.74	1411	1160	1
11	866	42089017.56	730	1160	1
11	867	54362390.03	792	1160	1
11	868	65856870.86	2600	1160	1
11	869	71175446.34	1725	1160	1
11	870	18470364.24	1276	1160	1
11	871	29007458.44	1099	1160	1
12	872	906809.37	2537	872	1
12	873	471856.64	1100	873	1
12	874	322791.53	1453	874	1
12	875	148734.94	1278	875	1
12	876	140480.34	1455	876	1
12	877	1222762.31	3813	877	1
12	878	496586.69	2333	878	1
12	879	501683.77	4194	879	1
12	880	144026.08	1531	880	1
12	881	482805.05	1791	881	1
12	882	159683.70	1577	882	1
12	883	493528.35	1715	883	1
12	884	22462125.72	3336	884	1
12	885	808317.69	2893	885	1
12	886	361825801.28	1758	886	1
12	887	109846854.45	683	887	1
12	888	102216472.90	327	888	1
12	889	35462111.19	1868	889	1
12	890	83882684.67	3341	890	1
12	891	73101213.68	846	891	1
12	892	69976793.02	2593	892	1
12	893	34414468.78	1156	893	1
12	894	26521823.85	852	894	1
12	895	688630.20	1248	895	1
12	896	469264.28	1007	896	1
12	897	7986823.75	2040	897	1
12	898	236144.35	934	898	1
12	899	2354357.35	474	899	1
12	900	19054652.35	2319	900	1
12	901	732939.61	1813	901	1
12	902	419097.74	1246	902	1
12	903	7583412.37	2034	903	1
12	904	89003214.69	318	904	1
12	905	10144979.40	2811	905	1
12	906	5127288.50	1163	906	1
12	907	7527307.86	3028	907	1
12	908	34487957.10	537	908	1
12	909	9351342.34	1920	909	1
12	910	4649937.77	3309	910	1
12	911	3544830.06	3401	911	1
12	912	209263.04	1565	912	1
12	913	188431.87	1273	913	1
12	914	317353.38	1888	914	1
12	915	768596.58	2405	915	1
12	916	1107274.18	1430	916	1
12	917	269686.09	1533	917	1
12	918	9036567.06	3624	918	1
12	919	5352577.73	2600	919	1
12	920	46387512.28	446	920	1
12	921	23742087.13	263	921	1
12	922	53352171.88	3046	922	1
12	923	29507844.51	3110	923	1
12	924	35531451.87	1624	924	1
12	925	50444048.97	2363	925	1
12	926	34260793.18	463	926	1
12	927	25496888.25	1237	927	1
12	928	36980282.33	4868	928	1
12	929	12466854.23	2046	929	1
12	930	14712699.37	2196	930	1
12	931	15211930.44	2457	931	1
12	932	62622677.42	1369	932	1
12	933	10330877.29	1252	933	1
12	934	8021020.74	4544	934	1
12	935	14440787.75	1978	935	1
12	936	45540462.00	412	936	1
12	937	29508917.62	1072	937	1
12	938	55035285.56	3394	938	1
12	939	53371192.59	2919	939	1
12	940	51179484.95	1888	940	1
12	941	32446980.01	639	941	1
12	942	34519026.40	3477	942	1
12	943	55804807.67	1859	943	1
12	944	47899663.51	802	944	1
12	945	49123439.42	3710	945	1
12	946	64499983.55	2300	946	1
12	947	54741225.11	2436	947	1
12	948	14399380.20	1949	948	1
12	949	42515731.22	786	949	1
12	950	31666828.72	1568	950	1
12	951	56803103.51	1314	951	1
12	952	36729875.73	1917	952	1
12	953	40267214.95	2326	953	1
13	1134	14486949.45	3929	1134	5
13	1135	1968677.35	1426	1135	5
13	1136	143404.94	2193	1136	5
13	1137	122269.96	3264	1137	5
13	1138	133765.22	1655	1138	5
13	1139	234242.42	3627	1139	5
13	1140	777652.45	4210	1140	5
13	1141	91573.31	3003	1141	5
13	1142	289269.57	3763	1142	5
13	1143	2587230.23	4410	1143	5
13	1144	277267.49	7361	1144	5
13	1150	9424161.30	3017	1150	5
13	1151	8435201.29	1393	1151	5
13	954	714132.68	1215	954	5
13	955	3254767.61	1990	955	5
13	956	1210902.54	2662	956	5
13	957	263550.85	1341	957	5
13	958	1795992.73	1608	958	5
13	959	2459508.99	2434	959	5
13	960	50249857.43	3121	960	5
13	961	52794202.82	804	961	5
13	962	17395387.55	2309	962	5
13	963	7554208.82	3232	963	5
13	964	8001818.90	4251	964	5
13	965	121041336.03	3849	965	5
13	966	20282980.09	1327	966	5
13	967	5116706.15	2670	967	5
13	968	8659580.48	2502	968	5
13	969	17501431.89	3865	969	5
13	970	8374332.67	2485	970	5
13	971	1959011.48	3845	971	5
13	972	14161797.54	3536	972	5
13	973	6418954.29	1442	973	5
13	975	2251048.15	1258	975	5
13	976	7627601.07	1940	976	5
13	977	15499857.46	1439	977	5
13	978	26261051.75	1846	978	5
13	979	11115247.16	2679	979	5
13	980	14685944.59	1046	980	5
13	981	2375289.35	3472	981	5
13	982	9432855.93	5473	982	5
13	984	3592545.20	2912	984	5
13	985	10827288.90	7547	985	5
13	986	31511690.15	18622	986	5
13	987	413523.26	3438	987	5
13	988	147126.28	1773	988	5
13	989	105930.81	2186	989	5
13	990	4079680.58	3426	990	5
14	1000	114233.56	950	1161	4
14	1001	778532.36	1199	1161	4
14	1002	126759.87	529	1161	4
14	1003	539045.83	1666	1161	4
14	1004	416581.06	1664	1161	4
14	1005	1162899.19	2406	1161	4
14	1006	10742697.23	1295	1161	4
14	1007	23913717.74	2287	1161	4
14	1008	6770516.38	1945	1161	4
14	1009	9286781.74	1620	1161	4
14	1010	19100298.09	1067	1161	4
14	1011	11931594.90	986	1161	4
14	1012	8386875.88	3198	1161	4
14	1013	3723989.94	2315	1161	4
14	1014	62648367.88	3068	1161	4
14	1015	1280752.14	901	1161	4
14	1016	24436751.11	2281	1161	4
14	1017	1190986.92	1421	1161	4
14	1018	1540973.48	1385	1161	4
14	1019	18855207.63	2136	1161	4
14	1020	13479715.51	4331	1161	4
14	1021	7730860.13	3231	1161	4
14	1022	13210776.85	6426	1161	4
14	1023	3431560.32	3098	1161	4
14	1024	18817325.86	2338	1161	4
14	1025	9437108.64	4575	1161	4
14	1026	8342751.87	2099	1161	4
14	1027	3042793.87	3170	1161	4
14	1028	7338449.74	2422	1161	4
14	1029	4502399.02	3049	1161	4
14	1030	2298503.62	1816	1161	4
14	1031	5544189.07	861	1161	4
14	1032	31874807.52	2575	1161	4
14	1033	3844316.63	2394	1161	4
14	1034	41006320.53	2048	1161	4
14	1035	6333090.86	1646	1161	4
14	991	932709.31	3032	1161	4
14	992	228667.50	740	1161	4
14	993	266026.26	1161	1161	4
14	994	288437.37	1462	1161	4
14	995	418124.85	1554	1161	4
14	996	1024245.31	2334	1161	4
14	997	171983.51	1233	1161	4
14	998	702694.93	2948	1161	4
14	999	121396.14	1268	1161	4
15	1036	1093356.56	2853	1162	1
15	1037	141363.48	1290	1162	1
15	1038	19864986.87	2858	1162	1
15	1039	803882.51	1340	1162	1
15	1040	19445655.02	1995	1162	1
15	1041	30234399.20	1091	1162	1
15	1042	36481975.55	1271	1162	1
15	1043	38000782.84	273	1162	1
15	1044	79857313.88	2101	1162	1
15	1045	18953930.85	909	1162	1
15	1046	18424321.18	1764	1162	1
15	1047	11247976.92	578	1162	1
15	1048	19383226.50	486	1162	1
15	1049	60934108.88	2534	1162	1
15	1050	75091639.38	2585	1162	1
15	1051	97148473.61	2814	1162	1
15	1052	74622647.58	2547	1162	1
15	1053	23130168.45	2527	1162	1
15	1054	22323674.33	1542	1162	1
15	1055	16390166.78	2394	1162	1
15	1056	21351947.72	2349	1162	1
15	1057	16984856.98	927	1162	1
15	1058	17613354.48	1442	1162	1
15	1059	9283543.10	1211	1162	1
15	1060	18798308.26	2009	1162	1
15	1061	17019929.52	2571	1162	1
15	1062	6978719.74	1188	1162	1
16	1063	644680.82	2161	1163	1
16	1064	782484.77	2944	1163	1
16	1065	420813.17	2423	1163	1
16	1066	206065.45	2171	1163	1
16	1067	7586724.15	3497	1163	1
16	1068	1211482.54	5537	1163	1
16	1069	350148.95	1346	1163	1
16	1070	234564.89	1803	1163	1
16	1071	109875.75	1424	1163	1
16	1072	614484.88	2139	1163	1
16	1073	489392.00	1897	1163	1
16	1074	589837.04	1385	1163	1
16	1075	29354491.35	897	1163	1
16	1076	33194540.37	1152	1163	1
16	1077	28062198.88	1607	1163	1
16	1078	23247477.06	1901	1163	1
16	1079	50520839.24	2067	1163	1
16	1080	33475871.48	1919	1163	1
16	1081	25481694.78	2378	1163	1
16	1082	38943600.44	5315	1163	1
16	1083	35979620.63	3724	1163	1
16	1084	2874034.45	2441	1163	1
16	1085	27739979.00	472	1163	1
16	1086	9515033.88	308	1163	1
16	1087	29985984.63	363	1163	1
16	1088	69807439.33	5447	1163	1
17	1089	15744604.58	834	1164	1
17	1090	1613552.50	2970	1164	1
17	1091	116421.30	1020	1164	1
17	1092	131198.29	557	1164	1
17	1093	117253.25	728	1164	1
17	1094	168110.50	1208	1164	1
17	1095	188200.89	982	1164	1
17	1096	226062.49	1446	1164	1
17	1097	152037.04	1099	1164	1
17	1098	237102.15	1486	1164	1
17	1099	784901.44	2394	1164	1
17	1100	1262461.50	4137	1164	1
17	1101	299094.37	2158	1164	1
17	1102	134995.44	1208	1164	1
17	1103	1607183.03	1428	1164	1
17	1104	1246093.51	4037	1164	1
17	1105	532286.85	2765	1164	1
17	1106	2958150.51	2985	1164	1
17	1107	477734.15	1440	1164	1
17	1108	113150729.11	1261	1164	1
17	1109	82497616.12	817	1164	1
17	1110	25531154.13	342	1164	1
17	1111	111502077.70	1000	1164	1
17	1112	67290959.51	501	1164	1
17	1113	39244219.22	1630	1164	1
17	1114	27890642.96	1213	1164	1
17	1115	53875846.31	1537	1164	1
17	1116	55769135.35	1280	1164	1
17	1117	87675539.16	748	1164	1
17	1118	128717957.86	1966	1164	1
17	1119	54693006.97	1301	1164	1
17	1120	3024910.58	295	1164	1
17	1121	47641395.97	1606	1164	1
17	1122	66470872.20	831	1164	1
17	1123	74111303.01	1093	1164	1
17	1124	77514987.32	494	1164	1
17	1125	133405320.21	1435	1164	1
17	1126	134094222.89	919	1164	1
17	1127	54436534.08	1229	1164	1
17	1128	166623840.06	1583	1164	1
17	1129	36571119.26	301	1164	1
17	1130	55757897.81	2246	1164	1
17	1131	84183026.01	970	1164	1
17	1132	73930120.26	720	1164	1
17	1133	1094297.17	297	1164	1
2	100	31409949.18	2808	100	3
2	101	58121574.25	2285	101	3
2	102	41551306.74	984	1165	3
2	103	35217055.04	2451	103	3
2	104	15592639.07	431	104	3
2	105	12256578.12	2518	105	3
2	106	42091015.23	2204	106	3
2	107	46373535.39	1450	107	3
2	108	18945699.33	613	108	3
2	109	19725512.03	2027	109	3
2	110	52792143.56	3536	110	3
2	111	71220398.62	1345	111	3
2	112	18416400.74	1289	1165	3
2	113	115791898.45	1154	1153	3
2	114	733731.02	762	1153	3
2	115	802827.43	1126	1153	3
2	116	1414611.49	990	1153	3
2	117	64983749.40	542	117	3
2	118	42151908.52	1538	118	3
2	119	34523430.16	1809	119	3
2	120	21690489.42	1790	120	3
2	121	24784053.92	2275	121	3
2	122	18904652.04	3069	122	3
2	123	8558322.51	1486	123	3
2	124	11624934.80	1589	124	3
2	125	24850328.40	2525	125	3
2	126	101233228.82	1342	126	3
2	127	24535274.79	1167	127	3
2	128	47674133.05	2337	128	3
2	129	42705792.10	2326	129	3
2	130	4808355.79	2775	130	3
2	131	11723885.78	2403	131	3
2	132	28529495.66	2857	132	3
2	133	12905460.35	1600	133	3
2	134	30170045.77	2764	134	3
2	135	22326410.25	662	135	3
2	136	20504080.85	2091	136	3
2	137	630413.06	1463	137	3
2	138	997975.15	2065	138	3
2	139	9853909.11	3631	139	3
2	140	11697093.99	1661	140	3
2	141	38226550.95	1992	141	3
2	142	18082211.15	1572	142	3
2	143	25358013.12	2408	143	3
2	144	34424803.12	3263	144	3
2	145	22948399.46	2236	145	3
2	146	20619319.39	3446	146	3
2	147	9685089.96	2184	147	3
2	148	19802178.20	3418	148	3
2	149	836567.30	1575	149	3
2	150	10832082.88	1885	150	3
2	151	6930996.75	909	151	3
2	152	5224009.26	4350	152	3
2	153	8065291.13	1095	153	3
2	154	10928861.54	3963	154	3
2	155	18887586.68	4054	155	3
2	156	11197073.11	2323	156	3
2	157	66976718.83	3470	157	3
2	158	154583.33	1125	158	3
2	159	4481809.36	2085	159	3
2	160	40009172.74	2884	160	3
2	161	4725899.98	460	161	3
2	162	4295890.30	6056	162	3
2	163	22380769.38	3127	163	3
2	164	16723973.47	1902	164	3
2	165	5088339.76	2920	1166	3
2	166	1992997.64	2498	1166	3
2	167	5601774.61	743	167	3
2	46	135717.76	1272	46	3
2	47	2352258.84	7530	47	3
2	48	1880724.80	3096	48	3
2	49	915719.44	1357	49	3
2	50	736822.51	2091	50	3
2	51	369519.35	1868	51	3
2	52	1055752.26	2190	52	3
2	53	980863.57	2175	53	3
2	54	258927.48	1446	54	3
2	55	2630174.11	3002	55	3
2	56	310727.25	2274	56	3
2	57	113218.92	559	57	3
2	58	199517.40	766	58	3
2	59	186451.28	931	59	3
2	60	171301.02	1127	60	3
2	61	77457.73	528	61	3
2	62	140820.61	931	62	3
2	63	1655078.74	3973	63	3
2	64	187919.08	1221	64	3
2	65	102681.18	967	65	3
2	66	109034.13	578	66	3
2	67	120887.83	531	67	3
2	68	77629.43	610	68	3
2	69	104270.10	599	69	3
2	70	716269.62	2568	70	3
2	71	2018679.71	5559	71	3
2	72	250094.73	1092	72	3
2	73	170779.16	680	73	3
2	74	95946.14	537	74	3
2	75	117120.09	1205	75	3
2	76	96614.03	963	76	3
2	77	88996.36	785	77	3
2	78	70133.43	1211	78	3
2	79	93687.87	979	79	3
2	80	192918.25	716	80	3
2	81	392800.11	2229	81	3
2	82	90143.84	519	82	3
2	83	121710.27	1318	83	3
2	84	1069737.51	1934	84	3
2	85	488617.94	1980	85	3
2	86	438934.47	3746	86	3
2	87	808445.14	3256	87	3
2	88	916825.60	2724	88	3
2	89	662823.83	2906	89	3
2	90	111897124.00	1994	90	3
2	91	22732681.95	1691	91	3
2	92	397861.31	1605	92	3
2	93	314069.82	1379	93	3
2	94	193345.85	929	94	3
2	95	90497207.91	1895	95	3
2	96	68416211.96	1433	96	3
2	97	37068079.84	1408	97	3
2	98	21598136.84	2568	98	3
2	99	31786527.18	3300	99	3
3	168	511678.40	1229	1156	2
3	169	1043209.28	3800	1156	2
3	170	335293.08	1895	1156	2
3	171	194778.84	1294	1156	2
3	172	114749.36	636	1156	2
3	173	171159.50	573	1156	2
3	174	102817.51	649	1156	2
3	175	187019.47	1231	1156	2
3	176	810959.70	2261	1156	2
3	177	410686.24	2648	1156	2
3	178	147883.08	1048	1156	2
3	179	42512295.72	1888	1156	2
3	180	315198.81	1749	1156	2
3	181	656642.42	2669	1156	2
3	182	21498986.65	798	1156	2
3	183	38424422.91	1177	1156	2
3	184	15776682.82	1368	1156	2
3	185	29908199.26	528	1156	2
3	186	26411721.63	1194	1156	2
3	187	32257328.90	640	1156	2
3	188	62073864.44	490	1156	2
3	189	48177979.55	2477	1156	2
3	190	85274762.92	1148	1156	2
3	191	23674451.62	739	1156	2
3	192	22129953.52	2479	1156	2
3	193	470919630.57	761	1156	2
3	194	27340812.56	793	1156	2
3	195	67757650.20	741	1156	2
3	196	22854376.31	3708	1156	2
3	197	15126563.53	2459	1156	2
3	198	9889218.77	2648	1156	2
3	199	10112492.11	1397	1156	2
3	200	6676170.67	2429	1156	2
3	201	11709791.94	2422	1156	2
3	202	17111497.61	3248	1156	2
3	203	16517871.43	3541	1156	2
3	204	18277105.04	4220	1156	2
3	205	17083835.42	1923	1156	2
3	206	4861433.24	2385	1156	2
3	207	89195237.66	1870	1156	2
3	208	770416.05	1718	1156	2
3	209	1552982.09	3275	1156	2
3	210	658406.73	3280	1156	2
3	211	668353.80	2673	1156	2
3	212	3439590.00	1762	1156	2
3	213	2245392.51	1714	1156	2
3	214	12349272.72	2593	1156	2
3	215	15181340.97	204	1156	2
3	216	36073189.38	1902	1156	2
3	217	90989387.25	724	1156	2
3	218	98990651.17	657	1156	2
3	219	99022954.37	291	1156	2
3	220	82727519.11	2006	1156	2
3	221	176729008.57	503	1156	2
3	222	42530223.81	1785	1156	2
3	223	40533182.77	2737	1156	2
3	224	65319572.24	3073	1156	2
3	225	47127990.31	1270	1156	2
3	226	166982611.32	405	1156	2
3	227	71971264.80	1653	1156	2
3	228	44970644.41	1390	1156	2
3	229	236324232.20	677	1156	2
3	230	118218230.14	268	1156	2
3	231	21592188.78	518	1156	2
4	1148	20258447.17	4123	1148	6
4	1149	3991040.53	1423	1149	6
4	232	4782653.75	21475	232	6
4	233	44595.58	1049	233	6
4	234	1332602.78	4286	234	6
4	235	49009.44	1055	235	6
4	236	40779.22	1015	236	6
4	237	1720287.52	4266	237	6
4	238	575215.19	2322	238	6
4	239	48539.51	955	239	6
4	240	36422.80	742	240	6
4	241	181916.07	2635	241	6
4	242	273269.07	3564	242	6
4	243	83833.47	1560	243	6
4	244	276130.77	1395	244	6
4	245	163016.27	1729	245	6
4	246	75139.09	1064	246	6
4	247	119639.71	1235	247	6
4	248	87945.37	1558	248	6
4	249	944800.99	8747	249	6
4	250	786296.34	2171	250	6
4	251	1166877.88	3208	251	6
4	252	1089616.94	962	252	6
4	253	461333.31	4540	253	6
4	254	2338629.32	4881	254	6
4	255	1349368.12	1699	255	6
4	256	242312.34	1257	256	6
4	257	830655.67	1757	257	6
4	258	102282.40	723	258	6
4	259	420689.80	1255	259	6
4	260	361424.21	1777	260	6
4	261	446577.50	1389	261	6
4	262	160262.25	964	262	6
4	263	43465.19	718	263	6
4	264	1329541.90	1672	264	6
4	265	739080.72	1164	265	6
4	266	39128.41	735	266	6
4	267	709931.51	2256	267	6
4	268	438120.40	1940	268	6
4	269	116350.17	1694	269	6
4	270	59351.28	1798	270	6
4	271	181794.72	615	271	6
4	272	74980.37	909	272	6
4	273	225403.90	1926	273	6
4	274	201660.57	1593	274	6
4	275	210519.49	1055	275	6
4	276	566294.65	1010	276	6
4	277	276953.79	1250	277	6
4	278	175415.71	644	278	6
4	279	277174.99	664	279	6
4	280	114437.72	1931	280	6
4	281	1173746.71	1815	281	6
4	282	128213.20	1717	282	6
4	283	77457.37	1475	283	6
4	284	248961.57	531	284	6
4	285	104564.14	573	285	6
4	286	93433.46	805	286	6
4	287	82393.94	613	287	6
4	288	165898.83	695	288	6
4	289	130830.32	1010	289	6
4	290	928032.43	2440	290	6
4	291	142010.07	2135	291	6
4	292	245180.33	614	292	6
4	293	71860.51	631	293	6
4	294	74863.54	720	294	6
4	295	39160.72	620	295	6
4	296	42616.04	541	296	6
4	297	77562.52	1509	297	6
4	298	48268.77	298	298	6
4	299	92606.32	1073	299	6
4	300	115153.00	1090	300	6
4	301	231494.17	852	301	6
4	302	748869.12	1826	302	6
4	303	82708.10	1354	303	6
4	304	181439.28	2141	304	6
4	305	119308.68	1286	305	6
4	306	81541.85	919	306	6
4	307	181538.19	1097	307	6
4	308	80021.96	760	308	6
4	309	94027.05	568	309	6
4	310	66659.13	858	310	6
4	311	75658.91	897	311	6
4	312	165061.25	1419	312	6
4	313	102788.76	732	313	6
4	314	1372126.69	5798	314	6
4	315	148808.28	2106	315	6
4	316	97698.86	1097	316	6
4	317	44356.13	930	317	6
4	318	55027.09	472	318	6
4	319	65216.44	884	319	6
4	320	214312.93	1676	320	6
4	321	173951.66	695	321	6
4	322	36562.34	722	322	6
4	323	66314.90	1074	323	6
4	324	78797.52	1023	324	6
4	325	120209.20	931	325	6
4	326	501111.94	1043	326	6
4	327	108151.28	1157	327	6
4	328	106838.70	1298	328	6
4	329	53987.77	1118	329	6
4	330	52996.40	957	330	6
4	331	47351.25	815	331	6
4	332	111971.30	1136	332	6
4	333	46116.26	720	333	6
4	334	254715.44	1533	334	6
4	335	63429.63	768	335	6
4	336	32149.36	525	336	6
4	337	80620.49	1248	337	6
4	338	81945.67	1038	338	6
4	339	54057.43	604	339	6
4	340	171274.67	1201	340	6
4	341	135070.73	797	341	6
4	342	99637.46	930	342	6
4	343	67039.98	1282	343	6
4	344	102987.13	1603	344	6
4	345	952394.11	2992	345	6
4	346	59963.62	113	346	6
4	347	50442.00	1194	347	6
4	348	100008.14	917	348	6
4	349	66276.84	989	349	6
4	350	150822.49	1631	350	6
4	351	171255.39	898	351	6
4	352	599999.27	1140	352	6
4	353	82198.39	1088	353	6
4	354	291458.02	1029	354	6
4	355	159953.45	1045	355	6
4	356	173832.35	1681	356	6
4	357	53739.97	1244	357	6
4	358	174049.09	1947	358	6
4	359	208011.33	2485	359	6
4	360	124065.19	2509	360	6
4	361	196376.75	2627	361	6
4	362	84994.23	1587	362	6
4	363	140745.02	1065	363	6
4	364	147022.36	988	364	6
4	365	76611.90	1024	365	6
4	366	35489.49	819	366	6
4	367	82791.35	1122	367	6
4	368	127784.63	1445	368	6
4	369	180780.59	2534	369	6
4	370	73222.01	635	370	6
4	371	403490.17	1326	371	6
4	372	1514646.50	9923	372	6
4	373	50437.14	1197	373	6
4	374	85331.40	711	374	6
4	375	58882.21	1052	375	6
4	376	212790.20	1283	376	6
4	377	163623.56	1169	377	6
4	378	152246.47	703	378	6
4	379	119578.46	1362	379	6
4	380	56217.53	820	380	6
4	381	62263.52	1305	381	6
4	382	173011.78	2492	382	6
4	383	150426.84	2640	383	6
4	384	144320.96	2269	384	6
4	385	950405.82	1169	385	6
4	386	267995.57	1083	386	6
4	387	92862.85	1118	387	6
4	388	720552.41	1057	388	6
4	389	96569.31	269	389	6
4	390	82205.82	769	390	6
4	391	143624.02	1507	391	6
4	392	106398.14	1112	392	6
4	393	97066.99	2157	393	6
4	394	64443.57	887	394	6
4	395	51454.78	1173	395	6
4	396	43287.23	863	396	6
4	397	325319.45	1828	397	6
4	398	1670760.07	6812	398	6
4	399	106671.43	1403	399	6
4	400	66557.99	1391	400	6
4	401	246057.15	2977	401	6
4	402	105674.09	1605	402	6
4	403	231806.63	1418	403	6
4	404	785211.15	2855	404	6
4	405	1204973.50	10078	405	6
4	406	89032.22	1239	406	6
4	407	117655.72	1355	407	6
4	408	108311.67	1835	408	6
4	409	99874.36	1472	409	6
4	410	1526633.75	4734	410	6
4	411	327874.66	1899	411	6
4	412	98965.90	1139	412	6
4	413	112802.23	1314	413	6
4	414	86823.79	1432	414	6
4	415	1258260.02	4790	415	6
4	416	3612409.62	8658	416	6
4	417	140396.02	1181	417	6
4	418	3253216.16	4603	418	6
4	419	154688633.49	708	419	6
4	420	50225212.05	2776	420	6
4	421	11049078.73	3493	421	6
4	422	1088119.06	3854	422	6
4	423	2528310.41	4672	423	6
4	424	33312879.20	459	424	6
4	425	2724071.23	2759	425	6
4	426	2336148.31	3302	426	6
4	427	671220.55	1877	427	6
4	428	398464.02	1829	428	6
4	429	1680373.46	2588	429	6
4	430	6222544.86	7277	430	6
4	431	769004.08	3587	431	6
4	432	124326.96	1300	432	6
4	433	168040.18	1373	433	6
4	434	249158.57	1594	434	6
4	435	1282075.51	5758	435	6
4	436	29237783.34	1009	436	6
4	437	4932353.92	3041	437	6
4	438	22759676.05	3732	438	6
4	439	16333115.20	1170	439	6
4	440	17573901.80	19090	440	6
4	441	103136904.47	2779	441	6
4	442	12376849.24	303	442	6
4	443	6648143.77	5310	443	6
4	444	40337875.82	768	444	6
4	445	19458922.30	3258	445	6
4	446	4224875.41	6734	446	6
4	447	43082329.64	1189	447	6
4	448	13867873.03	1458	448	6
4	451	24066401.95	1567	451	6
4	452	32949063.78	14346	452	6
4	453	4235699.95	3207	453	6
4	454	25347422.13	1244	454	6
4	455	33956735.48	1240	455	6
4	456	12036916.56	2011	456	6
4	457	15341854.72	1895	457	6
4	458	8574295.65	4334	458	6
4	459	3316373.37	0	459	6
4	460	14921331.99	4056	460	6
4	461	5676389.57	1615	461	6
4	462	8573421.01	5390	462	6
4	463	6273526.54	2941	463	6
4	464	3186952.10	5131	464	6
4	465	3961312.39	4364	465	6
4	466	13343860.52	2599	466	6
4	467	12340477.57	13498	467	6
4	468	5218803.74	2263	468	6
4	469	22077735.74	3307	469	6
4	470	7564700.87	7686	470	6
4	471	6375400.95	1994	471	6
4	472	30651969.00	1574	472	6
4	473	39195682.98	1757	473	6
4	474	47729884.37	9281	474	6
4	475	13829056.11	3666	475	6
4	476	10610090.65	10074	476	6
4	477	12834419.38	1210	477	6
4	478	62974423.84	1333	478	6
4	479	11817452.23	4809	479	6
4	480	8791878.54	8363	480	6
4	481	6458766.94	5281	481	6
4	482	3579346.22	2245	482	6
4	483	4719438.12	2673	483	6
4	484	4021877.12	5318	484	6
4	485	1220264.66	2249	485	6
4	486	12381887.90	9031	486	6
4	487	1246002.86	3786	487	6
4	488	70313.48	1027	488	6
4	489	46961665.80	2321	489	6
4	490	9175044.02	2427	490	6
4	491	18874486.80	3238	491	6
4	492	4212803.09	3137	492	6
4	493	22308915.73	1453	493	6
4	494	7398468.58	5600	494	6
4	495	41442939.63	2318	495	6
4	496	45604793.04	1733	496	6
4	497	1086551.36	2362	497	6
4	498	1588059.18	3207	498	6
4	499	22343550.08	806	499	6
4	500	19891052.09	14426	500	6
4	501	9960760.12	2077	501	6
4	502	5461209.37	15463	502	6
4	503	2683487.34	5526	503	6
4	504	6405636.41	1778	504	6
4	505	8806120.22	1792	505	6
4	506	13784573.95	14504	506	6
4	507	60930099.85	1743	507	6
4	508	40523612.03	2326	508	6
4	509	11559640.08	688	509	6
4	510	43990650.85	648	510	6
5	1145	4589868.06	3028	1145	4
5	1146	17570462.07	1973	1146	4
5	1147	482468.77	3143	1147	4
5	512	280228.41	1527	512	4
5	513	691224.94	5860	513	4
5	514	408293.77	667	514	4
5	515	552791.25	1676	515	4
5	516	255429.86	1409	516	4
5	517	202995.83	1126	517	4
5	518	160920.21	644	518	4
5	519	77030.86	733	519	4
5	520	211525.62	567	520	4
5	521	208671.68	713	521	4
5	522	173347.50	547	522	4
5	523	565694.13	1405	523	4
5	524	107227.15	654	524	4
5	525	281727.68	2335	525	4
5	526	260490.71	486	526	4
5	527	76494.20	809	527	4
5	528	940947.64	4128	528	4
5	529	108316.80	876	529	4
5	530	110107.08	836	530	4
5	531	1225297.76	1998	531	4
5	532	112456.00	913	532	4
5	533	112813.66	1239	533	4
5	534	117579.37	968	534	4
5	535	928896.14	1111	535	4
5	536	191168.78	1710	536	4
5	537	842500.04	849	537	4
5	538	22844518.31	3128	538	4
5	539	12093203.73	1362	539	4
5	540	6928498.82	1126	540	4
5	541	33670162.49	1244	541	4
5	542	10867261.74	2034	542	4
5	543	67990368.73	1737	543	4
5	544	6390759.79	1379	544	4
5	545	78312313.78	2857	545	4
5	546	16824433.10	1509	546	4
5	547	7103857.85	1389	547	4
5	548	8318119.17	2091	548	4
5	549	4641863.56	1817	549	4
5	550	2912204.82	2213	550	4
5	551	11018645.85	3252	551	4
5	552	5022811.37	2636	552	4
5	553	10710979.14	1879	553	4
5	554	11787328.94	2787	554	4
5	556	12536410.24	880	556	4
5	557	10926672.93	4910	557	4
5	558	19248139.09	2226	558	4
5	559	7785811.35	3502	559	4
5	560	9604210.49	3002	560	4
5	561	5709863.00	6	561	4
5	562	1031189.75	2431	562	4
5	563	260540.73	1771	563	4
5	564	171296.24	1090	564	4
5	565	470403.88	2303	565	4
5	566	325327.68	1628	566	4
5	567	523180.77	1498	567	4
5	568	12024795.90	2333	568	4
5	569	11053346.61	2062	569	4
5	570	11118660.51	5309	570	4
5	571	9206683.06	2775	571	4
5	572	1179541.12	2621	572	4
5	573	979221.04	2413	573	4
5	574	1181747.16	2666	574	4
5	575	20083789.06	7175	575	4
5	576	8251571.81	4218	576	4
5	577	3398149.97	1897	577	4
5	578	30198902.40	3318	578	4
5	579	5963833.57	1262	579	4
5	580	8926010.96	1199	580	4
5	581	10190744.96	3152	581	4
5	582	4184342.32	2281	582	4
5	583	9940096.65	2691	583	4
5	584	1676213.21	1975	584	4
5	585	2402541.36	1636	585	4
5	586	2644796.60	2326	586	4
5	587	12461864.90	3623	587	4
5	588	21917072.05	3417	588	4
5	589	2676348.25	2811	589	4
5	590	7252641.02	4531	590	4
5	591	6744212.77	1778	591	4
5	592	10460882.65	4317	592	4
5	593	6586040.03	2287	593	4
5	594	12046995.67	3240	594	4
5	595	10195765.70	1829	595	4
5	596	8698602.30	1836	596	4
5	597	9933741.30	1494	597	4
5	598	7225119.38	3233	598	4
5	599	6407842.03	1553	599	4
5	600	8228278.70	3987	600	4
5	601	8647816.86	3595	601	4
5	602	22069846.75	2524	602	4
5	603	12380942.43	2229	603	4
5	604	9234484.65	1569	604	4
5	605	2529061.96	1040	605	4
5	606	10721382.85	2943	606	4
5	607	9489815.64	2294	607	4
5	608	14168355.50	2495	608	4
6	609	14734786.54	5596	609	5
6	610	738589.31	2270	610	5
6	611	7166972.05	3446	611	5
6	612	157871.86	1371	612	5
6	613	169147.78	1585	613	5
6	614	9107934.15	2896	614	5
6	615	108729.81	1322	615	5
6	616	1007996.95	2147	616	5
6	617	750044.66	2232	617	5
6	618	8103592.37	2320	618	5
6	619	8451117.20	1987	619	5
6	620	9056436.72	2860	620	5
6	621	4826886.54	2092	621	5
6	622	9324089.17	1536	622	5
6	623	3324242.70	1919	623	5
6	624	10750239.74	1944	624	5
6	625	7093152.75	2589	625	5
6	626	10650420.65	1568	626	5
6	627	7993448.11	1535	627	5
6	628	11792545.30	2087	628	5
6	629	5380269.17	2362	629	5
6	630	10318770.69	2249	630	5
6	631	8349497.67	2350	631	5
6	632	4302943.08	1591	632	5
6	633	15094980.49	2809	633	5
6	634	7140788.40	1560	634	5
6	635	4741192.76	3376	635	5
6	636	8811955.59	2454	636	5
6	637	6485480.06	2139	637	5
6	638	14574603.28	2638	638	5
6	639	3850917.06	2365	639	5
6	640	1015581.00	2656	640	5
6	641	9006526.31	2891	641	5
6	642	2375001.02	4266	642	5
6	643	7853713.32	1594	643	5
6	644	11438331.96	2137	644	5
6	645	5000918.64	3008	645	5
6	646	13275050.79	1759	646	5
6	647	7088733.02	1896	647	5
6	648	9161611.23	1287	648	5
6	649	13461770.57	820	649	5
6	650	23128442.47	1710	650	5
6	651	12639742.58	2031	651	5
6	652	7081505.06	2122	652	5
6	653	14982586.52	698	653	5
6	654	25585262.82	5661	654	5
6	655	14023372.12	1407	655	5
6	656	8649536.56	3104	656	5
6	657	7064316.04	1483	657	5
6	658	17916747.57	2423	658	5
6	659	37642607.94	6862	659	5
6	660	8419990.32	1033	660	5
6	661	24062282.10	1331	661	5
6	662	12834190.08	2230	662	5
6	663	16984964.00	4352	663	5
6	664	11385690.64	891	664	5
6	665	14444284.27	3870	665	5
6	666	36303281.12	1903	666	5
6	667	14882983.08	2027	667	5
7	668	949428.99	2890	1157	1
7	669	700278.04	1166	1157	1
7	670	134512.15	832	1157	1
7	671	269802.85	1110	1157	1
7	672	277702.42	2568	1157	1
7	673	160820.73	1176	1157	1
7	674	58750474.80	5842	1157	1
7	675	159587.02	979	1157	1
7	676	161844.71	1585	1157	1
7	677	999054.03	5293	1157	1
7	678	177110947.23	4397	1157	1
7	679	44507314.26	1352	1157	1
7	680	87663324.70	391	1157	1
7	681	84183676.18	814	1157	1
7	682	116036987.86	658	1157	1
7	683	42777004.35	1236	1157	1
8	684	1009328.27	2223	684	3
8	685	170192.78	1207	685	3
8	686	1224531.49	2214	686	3
8	687	326493.87	1814	687	3
8	688	109840.94	809	688	3
8	689	153679.26	1479	689	3
8	690	172589.30	733	690	3
8	691	85394.10	775	691	3
8	692	155368.68	1234	692	3
8	693	189952.89	1487	693	3
8	694	1262059.36	5763	694	3
8	695	162644.37	1564	695	3
8	696	200997.95	1046	696	3
8	697	1333031.86	2916	697	3
8	698	1394715.22	1520	698	3
8	699	100386789.06	3080	699	3
8	700	242948.63	1396	700	3
8	701	1896875.99	957	701	3
8	702	172310.77	764	702	3
8	703	41520222.69	2396	703	3
8	704	74047419.94	1562	704	3
8	705	47221838.88	1058	705	3
8	706	36034011.74	3573	706	3
8	707	37498663.06	3155	707	3
8	708	47030934.45	1982	708	3
8	709	38975438.12	1208	709	3
8	710	16538431.04	2294	710	3
8	711	10193973.22	1699	711	3
8	712	36466254.91	2362	712	3
8	713	20261190.64	1877	713	3
8	714	8971403.88	2497	714	3
8	715	156130275.01	367	715	3
8	716	16865696.80	3106	716	3
8	717	10498009.58	1376	717	3
8	718	9289299.07	2499	718	3
8	719	4879914.24	2468	719	3
8	720	14618465.35	2310	720	3
8	721	14357649.54	2312	721	3
8	722	9846635.85	3543	722	3
8	723	56758158.40	3204	723	3
8	724	42927270.86	11675	724	3
8	725	83540370.95	3574	725	3
8	726	179396408.75	1982	726	3
8	727	26337984.09	4303	727	3
8	728	20515879.32	1514	728	3
8	729	18623418.33	4104	729	3
8	730	128443443.55	2144	730	3
8	731	37028169.17	3050	731	3
8	732	22346160.46	930	732	3
8	733	48603501.61	2725	733	3
8	734	28208692.75	580	734	3
8	735	81987819.08	2239	735	3
8	736	69599719.19	2959	736	3
8	737	3795054.53	1276	737	3
8	738	11123988.55	4362	738	3
8	739	93671423.60	713	739	3
8	740	42373356.68	253	740	3
8	741	18931760.02	2796	741	3
8	742	56763425.54	2401	742	3
8	743	28669716.19	3351	743	3
8	744	124810665.23	1855	744	3
8	745	31303490.28	928	745	3
8	746	15858004.84	1820	746	3
8	747	9042756.91	4055	747	3
8	748	15794958.47	3649	748	3
8	749	189742004.04	1984	749	3
8	750	5947358.87	934	750	3
8	751	47804514.11	772	751	3
8	752	132779879.04	1072	752	3
8	753	15124823.63	668	753	3
8	754	35778780.91	1062	754	3
8	755	102479588.84	914	755	3
8	756	25312503.64	1084	756	3
8	757	34325919.03	2575	757	3
8	758	49124162.57	1136	758	3
8	759	37381085.85	1643	759	3
8	760	130998537.92	2673	760	3
8	761	35082437.32	388	761	3
8	762	29472543.53	1108	762	3
8	763	15237021.27	1214	763	3
8	764	108057341.91	1511	764	3
8	765	20589963.44	3950	765	3
8	766	235204.08	967	766	3
8	767	234438.18	1295	767	3
8	768	272795.82	1123	768	3
8	769	48422966.92	2068	769	3
8	770	27506315.66	1522	770	3
8	771	49791071.51	1259	771	3
8	772	32516598.47	697	772	3
8	773	83720961.91	1795	773	3
8	774	55024929.93	1818	774	3
8	775	37841288.18	610	775	3
8	776	56435107.27	538	776	3
8	777	71170115.90	1549	777	3
8	778	100080484.16	1177	1154	3
8	779	67241923.70	1598	1154	3
8	780	51070320.62	1116	1154	3
9	781	636492.77	2691	1158	1
9	782	136686.50	1179	1158	1
9	783	590258.44	1112	1158	1
9	784	7190264.51	645	1158	1
9	785	13027100.32	1483	1158	1
9	786	7058904.15	1829	1158	1
9	787	30227112.14	990	1158	1
9	788	21754772.11	1205	1158	1
9	789	12940895.70	2164	1158	1
9	790	7904140.51	172	1158	1
9	791	6829221.01	509	1158	1
9	792	27062955.71	1585	1158	1
9	793	41475719.67	1619	1158	1
9	794	17504055.17	1665	1158	1
9	795	14486421.76	1693	1158	1
9	796	9982243.33	1016	1158	1
9	797	8837154.48	92	1158	1
9	798	33087003.78	1999	1158	1
9	799	31923720.29	2048	1158	1
9	800	15480520.94	2433	1158	1
9	801	6155907.42	2064	1158	1
9	802	19672022.77	558	1158	1
9	803	16971743.73	1373	1158	1
9	804	29471519.49	1305	1158	1
9	805	35703265.56	318	1158	1
9	806	89236452.53	2053	1158	1
9	807	34592740.95	638	1158	1
9	808	40193736.68	1843	1158	1