# id_seccion id_municipio poblacion area
1 1 4186 25678881.72
10 1 365 78960066.66
11 1 676 70572313.76
12 1 896 113690744.03
13 1 1593 33710738.73
14 1 964 375712.73
15 1 1009 551038.48
16 1 1011 436586.57
17 1 1343 69180514.92
18 1 1622 101939221.48
19 1 366 143276003.19
2 1 3205 37612854.33
20 1 893 81282885.99
21 1 367 161232337.19
22 1 1120 158767828.22
23 1 1319 50546263.42
24 1 2918 161128072.96
25 1 1099 122735665.41
27 1 784 52493542.29
28 1 1043 82354796.72
29 1 1079 74785168.96
3 1 1373 212699.01
30 1 1526 118996408.34
31 1 196 29232166.63
32 1 447 53280312.38
33 1 468 39228862.00
34 1 471 32216295.42
35 1 1471 90892201.06
36 1 848 65451786.91
37 1 1572 123506058.77
38 1 1321 134111655.98
39 1 1157 148993349.11
4 1 1323 282009.82
40 1 1159 26956300.84
41 1 1158 101065375.79
42 1 2869 94260139.73
43 1 1211 98420359.97
44 1 2278 116813895.59
45 1 1396 129123300.22
5 1 2193 16206754.42
6 1 770 43672168.69
7 1 1515 9740639.42
8 1 1908 222548688.94
9 1 1741 253993960.54
809 10 2153 1793016.04
810 10 4532 10823084.67
811 10 1548 212707.13
812 10 2952 1412709.99
813 10 2561 1915305.74
814 10 722 144026.89
815 10 2039 1028489.43
816 10 1248 125216.08
817 10 1552 1042226.82
818 10 1675 51416173.67
819 10 1834 36319539.24
820 10 1180 6683992.56
821 10 2846 27141494.45
822 10 4064 13262228.77
823 10 4022 2261471.84
824 10 1566 1793714.26
825 10 3170 2597147.27
826 10 2230 12422787.81
827 10 4612 15646554.62
828 10 1982 5816510.73
829 10 5176 9387901.91
830 10 395 1429513.76
831 10 1718 6520359.51
832 10 3411 10434955.54
833 10 1477 10961729.74
834 10 3070 16525014.48
835 10 1510 2292763.30
836 10 1902 8959394.97
837 10 1577 4343975.99
838 10 3355 5005351.91
839 10 2572 8980523.40
840 10 2378 1425158.82
841 10 3311 8703100.42
842 10 3665 19127915.26
843 10 1982 22598686.93
844 10 2461 14296586.32
845 10 2383 18194357.98
846 11 2388 385266.98
847 11 1562 481029.98
848 11 1389 330603.65
849 11 1460 190629.50
850 11 553 203812951.59
851 11 984 81166756.53
852 11 664 70348418.81
853 11 898 34964532.62
854 11 230 102485816.64
855 11 274 87630255.16
856 11 417 15682234.15
857 11 1970 138891368.89
858 11 1020 139502824.81
859 11 1881 142900150.42
860 11 1136 17582048.53
861 11 1616 57648802.14
862 11 728 125323498.81
863 11 1653 47282490.13
864 11 495 73416516.85
865 11 1411 36131063.74
866 11 730 42089017.56
867 11 792 54362390.03
868 11 2600 65856870.86
869 11 1725 71175446.34
870 11 1276 18470364.24
871 11 1099 29007458.44
872 12 2537 906809.37
873 12 1100 471856.64
874 12 1453 322791.53
875 12 1278 148734.94
876 12 1455 140480.34
877 12 3813 1222762.31
878 12 2333 496586.69
879 12 4194 501683.77
880 12 1531 144026.08
881 12 1791 482805.05
882 12 1577 159683.70
883 12 1715 493528.35
884 12 3336 22462125.72
885 12 2893 808317.69
886 12 1758 361825801.28
887 12 683 109846854.45
888 12 327 102216472.90
889 12 1868 35462111.19
890 12 3341 83882684.67
891 12 846 73101213.68
892 12 2593 69976793.02
893 12 1156 34414468.78
894 12 852 26521823.85
895 12 1248 688630.20
896 12 1007 469264.28
897 12 2040 7986823.75
898 12 934 236144.35
899 12 474 2354357.35
900 12 2319 19054652.35
901 12 1813 732939.61
902 12 1246 419097.74
903 12 2034 7583412.37
904 12 318 89003214.69
905 12 2811 10144979.40
906 12 1163 5127288.50
907 12 3028 7527307.86
908 12 537 34487957.10
909 12 1920 9351342.34
910 12 3309 4649937.77
911 12 3401 3544830.06
912 12 1565 209263.04
913 12 1273 188431.87
914 12 1888 317353.38
915 12 2405 768596.58
916 12 1430 1107274.18
917 12 1533 269686.09
918 12 3624 9036567.06
919 12 2600 5352577.73
920 12 446 46387512.28
921 12 263 23742087.13
922 12 3046 53352171.88
923 12 3110 29507844.51
924 12 1624 35531451.87
925 12 2363 50444048.97
926 12 463 34260793.18
927 12 1237 25496888.25
928 12 4868 36980282.33
929 12 2046 12466854.23
930 12 2196 14712699.37
931 12 2457 15211930.44
932 12 1369 62622677.42
933 12 1252 10330877.29
934 12 4544 8021020.74
935 12 1978 14440787.75
936 12 412 45540462.00
937 12 1072 29508917.62
938 12 3394 55035285.56
939 12 2919 53371192.59
940 12 1888 51179484.95
941 12 639 32446980.01
942 12 3477 34519026.40
943 12 1859 55804807.67
944 12 802 47899663.51
945 12 3710 49123439.42
946 12 2300 64499983.55
947 12 2436 54741225.11
948 12 1949 14399380.20
949 12 786 42515731.22
950 12 1568 31666828.72
951 12 1314 56803103.51
952 12 1917 36729875.73
953 12 2326 40267214.95
1134 13 3929 14486949.45
1135 13 1426 1968677.35
1136 13 2193 143404.94
1137 13 3264 122269.96
1138 13 1655 133765.22
1139 13 3627 234242.42
1140 13 4210 777652.45
1141 13 3003 91573.31
1142 13 3763 289269.57
1143 13 4410 2587230.23
1144 13 7361 277267.49
1150 13 3017 9424161.30
1151 13 1393 8435201.29
954 13 1215 714132.68
955 13 1990 3254767.61
956 13 2662 1210902.54
957 13 1341 263550.85
958 13 1608 1795992.73
959 13 2434 2459508.99
960 13 3121 50249857.43
961 13 804 52794202.82
962 13 2309 17395387.55
963 13 3232 7554208.82
964 13 4251 8001818.90
965 13 3849 121041336.03
966 13 1327 20282980.09
967 13 2670 5116706.15
968 13 2502 8659580.48
969 13 3865 17501431.89
970 13 2485 8374332.67
971 13 3845 1959011.48
972 13 3536 14161797.54
973 13 1442 6418954.29
975 13 1258 2251048.15
976 13 1940 7627601.07
977 13 1439 15499857.46
978 13 1846 26261051.75
979 13 2679 11115247.16
980 13 1046 14685944.59
981 13 3472 2375289.35
982 13 5473 9432855.93
984 13 2912 3592545.20
985 13 7547 10827288.90
986 13 18622 31511690.15
987 13 3438 413523.26
988 13 1773 147126.28
989 13 2186 105930.81
990 13 3426 4079680.58
1000 14 950 114233.56
1001 14 1199 778532.36
1002 14 529 126759.87
1003 14 1666 539045.83
1004 14 1664 416581.06
1005 14 2406 1162899.19
1006 14 1295 10742697.23
1007 14 2287 23913717.74
1008 14 1945 6770516.38
1009 14 1620 9286781.74
1010 14 1067 19100298.09
1011 14 986 11931594.90
1012 14 3198 8386875.88
1013 14 2315 3723989.94
1014 14 3068 62648367.88
1015 14 901 1280752.14
1016 14 2281 24436751.11
1017 14 1421 1190986.92
1018 14 1385 1540973.48
1019 14 2136 18855207.63
1020 14 4331 13479715.51
1021 14 3231 7730860.13
1022 14 6426 13210776.85
1023 14 3098 3431560.32
1024 14 2338 18817325.86
1025 14 4575 9437108.64
1026 14 2099 8342751.87
1027 14 3170 3042793.87
1028 14 2422 7338449.74
1029 14 3049 4502399.02
1030 14 1816 2298503.62
1031 14 861 5544189.07
1032 14 2575 31874807.52
1033 14 2394 3844316.63
1034 14 2048 41006320.53
1035 14 1646 6333090.86
991 14 3032 932709.31
992 14 740 228667.50
993 14 1161 266026.26
994 14 1462 288437.37
995 14 1554 418124.85
996 14 2334 1024245.31
997 14 1233 171983.51
998 14 2948 702694.93
999 14 1268 121396.14
1036 15 2853 1093356.56
1037 15 1290 141363.48
1038 15 2858 19864986.87
1039 15 1340 803882.51
1040 15 1995 19445655.02
1041 15 1091 30234399.20
1042 15 1271 36481975.55
1043 15 273 38000782.84
1044 15 2101 79857313.88
1045 15 909 18953930.85
1046 15 1764 18424321.18
1047 15 578 11247976.92
1048 15 486 19383226.50
1049 15 2534 60934108.88
1050 15 2585 75091639.38
1051 15 2814 97148473.61
1052 15 2547 74622647.58
1053 15 2527 23130168.45
1054 15 1542 22323674.33
1055 15 2394 16390166.78
1056 15 2349 21351947.72
1057 15 927 16984856.98
1058 15 1442 17613354.48
1059 15 1211 9283543.10
1060 15 2009 18798308.26
1061 15 2571 17019929.52
1062 15 1188 6978719.74
1063 16 2161 644680.82
1064 16 2944 782484.77
1065 16 2423 420813.17
1066 16 2171 206065.45
1067 16 3497 7586724.15
1068 16 5537 1211482.54
1069 16 1346 350148.95
1070 16 1803 234564.89
1071 16 1424 109875.75
1072 16 2139 614484.88
1073 16 1897 489392.00
1074 16 1385 589837.04
1075 16 897 29354491.35
1076 16 1152 33194540.37
1077 16 1607 28062198.88
1078 16 1901 23247477.06
1079 16 2067 50520839.24
1080 16 1919 33475871.48
1081 16 2378 25481694.78
1082 16 5315 38943600.44
1083 16 3724 35979620.63
1084 16 2441 2874034.45
1085 16 472 27739979.00
1086 16 308 9515033.88
1087 16 363 29985984.63
1088 16 5447 69807439.33
1089 17 834 15744604.58
1090 17 2970 1613552.50
1091 17 1020 116421.30
1092 17 557 131198.29
1093 17 728 117253.25
1094 17 1208 168110.50
1095 17 982 188200.89
1096 17 1446 226062.49
1097 17 1099 152037.04
1098 17 1486 237102.15
1099 17 2394 784901.44
1100 17 4137 1262461.50
1101 17 2158 299094.37
1102 17 1208 134995.44
1103 17 1428 1607183.03
1104 17 4037 1246093.51
1105 17 2765 532286.85
1106 17 2985 2958150.51
1107 17 1440 477734.15
1108 17 1261 113150729.11
1109 17 817 82497616.12
1110 17 342 25531154.13
1111 17 1000 111502077.70
1112 17 501 67290959.51
1113 17 1630 39244219.22
1114 17 1213 27890642.96
1115 17 1537 53875846.31
1116 17 1280 55769135.35
1117 17 748 87675539.16
1118 17 1966 128717957.86
1119 17 1301 54693006.97
1120 17 295 3024910.58
1121 17 1606 47641395.97
1122 17 831 66470872.20
1123 17 1093 74111303.01
1124 17 494 77514987.32
1125 17 1435 133405320.21
1126 17 919 134094222.89
1127 17 1229 54436534.08
1128 17 1583 166623840.06
1129 17 301 36571119.26
1130 17 2246 55757897.81
1131 17 970 84183026.01
1132 17 720 73930120.26
1133 17 297 1094297.17
100 2 2808 31409949.18
101 2 2285 58121574.25
102 2 984 41551306.74
103 2 2451 35217055.04
104 2 431 15592639.07
105 2 2518 12256578.12
106 2 2204 42091015.23
107 2 1450 46373535.39
108 2 613 18945699.33
109 2 2027 19725512.03
110 2 3536 52792143.56
111 2 1345 71220398.62
112 2 1289 18416400.74
113 2 1154 115791898.45
114 2 762 733731.02
115 2 1126 802827.43
116 2 990 1414611.49
117 2 542 64983749.40
118 2 1538 42151908.52
119 2 1809 34523430.16
120 2 1790 21690489.42
121 2 2275 24784053.92
122 2 3069 18904652.04
123 2 1486 8558322.51
124 2 1589 11624934.80
125 2 2525 24850328.40
126 2 1342 101233228.82
127 2 1167 24535274.79
128 2 2337 47674133.05
129 2 2326 42705792.10
130 2 2775 4808355.79
131 2 2403 11723885.78
132 2 2857 28529495.66
133 2 1600 12905460.35
134 2 2764 30170045.77
135 2 662 22326410.25
136 2 2091 20504080.85
137 2 1463 630413.06
138 2 2065 997975.15
139 2 3631 9853909.11
140 2 1661 11697093.99
141 2 1992 38226550.95
142 2 1572 18082211.15
143 2 2408 25358013.12
144 2 3263 34424803.12
145 2 2236 22948399.46
146 2 3446 20619319.39
147 2 2184 9685089.96
148 2 3418 19802178.20
149 2 1575 836567.30
150 2 1885 10832082.88
151 2 909 6930996.75
152 2 4350 5224009.26
153 2 1095 8065291.13
154 2 3963 10928861.54
155 2 4054 18887586.68
156 2 2323 11197073.11
157 2 3470 66976718.83
158 2 1125 154583.33
159 2 2085 4481809.36
160 2 2884 40009172.74
161 2 460 4725899.98
162 2 6056 4295890.30
163 2 3127 22380769.38
164 2 1902 16723973.47
165 2 2920 5088339.76
166 2 2498 1992997.64
167 2 743 5601774.61
46 2 1272 135717.76
47 2 7530 2352258.84
48 2 3096 1880724.80
49 2 1357 915719.44
50 2 2091 736822.51
51 2 1868 369519.35
52 2 2190 1055752.26
53 2 2175 980863.57
54 2 1446 258927.48
55 2 3002 2630174.11
56 2 2274 310727.25
57 2 559 113218.92
58 2 766 199517.40
59 2 931 186451.28
60 2 1127 171301.02
61 2 528 77457.73
62 2 931 140820.61
63 2 3973 1655078.74
64 2 1221 187919.08
65 2 967 102681.18
66 2 578 109034.13
67 2 531 120887.83
68 2 610 77629.43
69 2 599 104270.10
70 2 2568 716269.62
71 2 5559 2018679.71
72 2 1092 250094.73
73 2 680 170779.16
74 2 537 95946.14
75 2 1205 117120.09
76 2 963 96614.03
77 2 785 88996.36
78 2 1211 70133.43
79 2 979 93687.87
80 2 716 192918.25
81 2 2229 392800.11
82 2 519 90143.84
83 2 1318 121710.27
84 2 1934 1069737.51
85 2 1980 488617.94
86 2 3746 438934.47
87 2 3256 808445.14
88 2 2724 916825.60
89 2 2906 662823.83
90 2 1994 111897124.00
91 2 1691 22732681.95
92 2 1605 397861.31
93 2 1379 314069.82
94 2 929 193345.85
95 2 1895 90497207.91
96 2 1433 68416211.96
97 2 1408 37068079.84
98 2 2568 21598136.84
99 2 3300 31786527.18
168 3 1229 511678.40
169 3 3800 1043209.28
170 3 1895 335293.08
171 3 1294 194778.84
172 3 636 114749.36
173 3 573 171159.50
174 3 649 102817.51
175 3 1231 187019.47
176 3 2261 810959.70
177 3 2648 410686.24
178 3 1048 147883.08
179 3 1888 42512295.72
180 3 1749 315198.81
181 3 2669 656642.42
182 3 798 21498986.65
183 3 1177 38424422.91
184 3 1368 15776682.82
185 3 528 29908199.26
186 3 1194 26411721.63
187 3 640 32257328.90
188 3 490 62073864.44
189 3 2477 48177979.55
190 3 1148 85274762.92
191 3 739 23674451.62
192 3 2479 22129953.52
193 3 761 470919630.57
194 3 793 27340812.56
195 3 741 67757650.20
196 3 3708 22854376.31
197 3 2459 15126563.53
198 3 2648 9889218.77
199 3 1397 10112492.11
200 3 2429 6676170.67
201 3 2422 11709791.94
202 3 3248 17111497.61
203 3 3541 16517871.43
204 3 4220 18277105.04
205 3 1923 17083835.42
206 3 2385 4861433.24
207 3 1870 89195237.66
208 3 1718 770416.05
209 3 3275 1552982.09
210 3 3280 658406.73
211 3 2673 668353.80
212 3 1762 3439590.00
213 3 1714 2245392.51
214 3 2593 12349272.72
215 3 204 15181340.97
216 3 1902 36073189.38
217 3 724 90989387.25
218 3 657 98990651.17
219 3 291 99022954.37
220 3 2006 82727519.11
221 3 503 176729008.57
222 3 1785 42530223.81
223 3 2737 40533182.77
224 3 3073 65319572.24
225 3 1270 47127990.31
226 3 405 166982611.32
227 3 1653 71971264.80
228 3 1390 44970644.41
229 3 677 236324232.20
230 3 268 118218230.14
231 3 518 21592188.78
1148 4 4123 20258447.17
1149 4 1423 3991040.53
232 4 21475 4782653.75
233 4 1049 44595.58
234 4 4286 1332602.78
235 4 1055 49009.44
236 4 1015 40779.22
237 4 4266 1720287.52
238 4 2322 575215.19
239 4 955 48539.51
240 4 742 36422.80
241 4 2635 181916.07
242 4 3564 273269.07
243 4 1560 83833.47
244 4 1395 276130.77
245 4 1729 163016.27
246 4 1064 75139.09
247 4 1235 119639.71
248 4 1558 87945.37
249 4 8747 944800.99
250 4 2171 786296.34
251 4 3208 1166877.88
252 4 962 1089616.94
253 4 4540 461333.31
254 4 4881 2338629.32
255 4 1699 1349368.12
256 4 1257 242312.34
257 4 1757 830655.67
258 4 723 102282.40
259 4 1255 420689.80
260 4 1777 361424.21
261 4 1389 446577.50
262 4 964 160262.25
263 4 718 43465.19
264 4 1672 1329541.90
265 4 1164 739080.72
266 4 735 39128.41
267 4 2256 709931.51
268 4 1940 438120.40
269 4 1694 116350.17
270 4 1798 59351.28
271 4 615 181794.72
272 4 909 74980.37
273 4 1926 225403.90
274 4 1593 201660.57
275 4 1055 210519.49
276 4 1010 566294.65
277 4 1250 276953.79
278 4 644 175415.71
279 4 664 277174.99
280 4 1931 114437.72
281 4 1815 1173746.71
282 4 1717 128213.20
283 4 1475 77457.37
284 4 531 248961.57
285 4 573 104564.14
286 4 805 93433.46
287 4 613 82393.94
288 4 695 165898.83
289 4 1010 130830.32
290 4 2440 928032.43
291 4 2135 142010.07
292 4 614 245180.33
293 4 631 71860.51
294 4 720 74863.54
295 4 620 39160.72
296 4 541 42616.04
297 4 1509 77562.52
298 4 298 48268.77
299 4 1073 92606.32
300 4 1090 115153.00
301 4 852 231494.17
302 4 1826 748869.12
303 4 1354 82708.10
304 4 2141 181439.28
305 4 1286 119308.68
306 4 919 81541.85
307 4 1097 181538.19
308 4 760 80021.96
309 4 568 94027.05
310 4 858 66659.13
311 4 897 75658.91
312 4 1419 165061.25
313 4 732 102788.76
314 4 5798 1372126.69
315 4 2106 148808.28
316 4 1097 97698.86
317 4 930 44356.13
318 4 472 55027.09
319 4 884 65216.44
320 4 1676 214312.93
321 4 695 173951.66
322 4 722 36562.34
323 4 1074 66314.90
324 4 1023 78797.52
325 4 931 120209.20
326 4 1043 501111.94
327 4 1157 108151.28
328 4 1298 106838.70
329 4 1118 53987.77
330 4 957 52996.40
331 4 815 47351.25
332 4 1136 111971.30
333 4 720 46116.26
334 4 1533 254715.44
335 4 768 63429.63
336 4 525 32149.36
337 4 1248 80620.49
338 4 1038 81945.67
339 4 604 54057.43
340 4 1201 171274.67
341 4 797 135070.73
342 4 930 99637.46
343 4 1282 67039.98
344 4 1603 102987.13
345 4 2992 952394.11
346 4 113 59963.62
347 4 1194 50442.00
348 4 917 100008.14
349 4 989 66276.84
350 4 1631 150822.49
351 4 898 171255.39
352 4 1140 599999.27
353 4 1088 82198.39
354 4 1029 291458.02
355 4 1045 159953.45
356 4 1681 173832.35
357 4 1244 53739.97
358 4 1947 174049.09
359 4 2485 208011.33
360 4 2509 124065.19
361 4 2627 196376.75
362 4 1587 84994.23
363 4 1065 140745.02
364 4 988 147022.36
365 4 1024 76611.90
366 4 819 35489.49
367 4 1122 82791.35
368 4 1445 127784.63
369 4 2534 180780.59
370 4 635 73222.01
371 4 1326 403490.17
372 4 9923 1514646.50
373 4 1197 50437.14
374 4 711 85331.40
375 4 1052 58882.21
376 4 1283 212790.20
377 4 1169 163623.56
378 4 703 152246.47
379 4 1362 119578.46
380 4 820 56217.53
381 4 1305 62263.52
382 4 2492 173011.78
383 4 2640 150426.84
384 4 2269 144320.96
385 4 1169 950405.82
386 4 1083 267995.57
387 4 1118 92862.85
388 4 1057 720552.41
389 4 269 96569.31
390 4 769 82205.82
391 4 1507 143624.02
392 4 1112 106398.14
393 4 2157 97066.99
394 4 887 64443.57
395 4 1173 51454.78
396 4 863 43287.23
397 4 1828 325319.45
398 4 6812 1670760.07
399 4 1403 106671.43
400 4 1391 66557.99
401 4 2977 246057.15
402 4 1605 105674.09
403 4 1418 231806.63
404 4 2855 785211.15
405 4 10078 1204973.50
406 4 1239 89032.22
407 4 1355 117655.72
408 4 1835 108311.67
409 4 1472 99874.36
410 4 4734 1526633.75
411 4 1899 327874.66
412 4 1139 98965.90
413 4 1314 112802.23
414 4 1432 86823.79
415 4 4790 1258260.02
416 4 8658 3612409.62
417 4 1181 140396.02
418 4 4603 3253216.16
419 4 708 154688633.49
420 4 2776 50225212.05
421 4 3493 11049078.73
422 4 3854 1088119.06
423 4 4672 2528310.41
424 4 459 33312879.20
425 4 2759 2724071.23
426 4 3302 2336148.31
427 4 1877 671220.55
428 4 1829 398464.02
429 4 2588 1680373.46
430 4 7277 6222544.86
431 4 3587 769004.08
432 4 1300 124326.96
433 4 1373 168040.18
434 4 1594 249158.57
435 4 5758 1282075.51
436 4 1009 29237783.34
437 4 3041 4932353.92
438 4 3732 22759676.05
439 4 1170 16333115.20
440 4 19090 17573901.80
441 4 2779 103136904.47
442 4 303 12376849.24
443 4 5310 6648143.77
444 4 768 40337875.82
445 4 3258 19458922.30
446 4 6734 4224875.41
447 4 1189 43082329.64
448 4 1458 13867873.03
451 4 1567 24066401.95
452 4 14346 32949063.78
453 4 3207 4235699.95
454 4 1244 25347422.13
455 4 1240 33956735.48
456 4 2011 12036916.56
457 4 1895 15341854.72
458 4 4334 8574295.65
459 4 0 3316373.37
460 4 4056 14921331.99
461 4 1615 5676389.57
462 4 5390 8573421.01
463 4 2941 6273526.54
464 4 5131 3186952.10
465 4 4364 3961312.39
466 4 2599 13343860.52
467 4 13498 12340477.57
468 4 2263 5218803.74
469 4 3307 22077735.74
470 4 7686 7564700.87
471 4 1994 6375400.95
472 4 1574 30651969.00
473 4 1757 39195682.98
474 4 9281 47729884.37
475 4 3666 13829056.11
476 4 10074 10610090.65
477 4 1210 12834419.38
478 4 1333 62974423.84
479 4 4809 11817452.23
480 4 8363 8791878.54
481 4 5281 6458766.94
482 4 2245 3579346.22
483 4 2673 4719438.12
484 4 5318 4021877.12
485 4 2249 1220264.66
486 4 9031 12381887.90
487 4 3786 1246002.86
488 4 1027 70313.48
489 4 2321 46961665.80
490 4 2427 9175044.02
491 4 3238 18874486.80
492 4 3137 4212803.09
493 4 1453 22308915.73
494 4 5600 7398468.58
495 4 2318 41442939.63
496 4 1733 45604793.04
497 4 2362 1086551.36
498 4 3207 1588059.18
499 4 806 22343550.08
500 4 14426 19891052.09
501 4 2077 9960760.12
502 4 15463 5461209.37
503 4 5526 2683487.34
504 4 1778 6405636.41
505 4 1792 8806120.22
506 4 14504 13784573.95
507 4 1743 60930099.85
508 4 2326 40523612.03
509 4 688 11559640.08
510 4 648 43990650.85
1145 5 3028 4589868.06
1146 5 1973 17570462.07
1147 5 3143 482468.77
512 5 1527 280228.41
513 5 5860 691224.94
514 5 667 408293.77
515 5 1676 552791.25
516 5 1409 255429.86
517 5 1126 202995.83
518 5 644 160920.21
519 5 733 77030.86
520 5 567 211525.62
521 5 713 208671.68
522 5 547 173347.50
523 5 1405 565694.13
524 5 654 107227.15
525 5 2335 281727.68
526 5 486 260490.71
527 5 809 76494.20
528 5 4128 940947.64
529 5 876 108316.80
530 5 836 110107.08
531 5 1998 1225297.76
532 5 913 112456.00
533 5 1239 112813.66
534 5 968 117579.37
535 5 1111 928896.14
536 5 1710 191168.78
537 5 849 842500.04
538 5 3128 22844518.31
539 5 1362 12093203.73
540 5 1126 6928498.82
541 5 1244 33670162.49
542 5 2034 10867261.74
543 5 1737 67990368.73
544 5 1379 6390759.79
545 5 2857 78312313.78
546 5 1509 16824433.10
547 5 1389 7103857.85
548 5 2091 8318119.17
549 5 1817 4641863.56
550 5 2213 2912204.82
551 5 3252 11018645.85
552 5 2636 5022811.37
553 5 1879 10710979.14
554 5 2787 11787328.94
556 5 880 12536410.24
557 5 4910 10926672.93
558 5 2226 19248139.09
559 5 3502 7785811.35
560 5 3002 9604210.49
561 5 6 5709863.00
562 5 2431 1031189.75
563 5 1771 260540.73
564 5 1090 171296.24
565 5 2303 470403.88
566 5 1628 325327.68
567 5 1498 523180.77
568 5 2333 12024795.90
569 5 2062 11053346.61
570 5 5309 11118660.51
571 5 2775 9206683.06
572 5 2621 1179541.12
573 5 2413 979221.04
574 5 2666 1181747.16
575 5 7175 20083789.06
576 5 4218 8251571.81
577 5 1897 3398149.97
578 5 3318 30198902.40
579 5 1262 5963833.57
580 5 1199 8926010.96
581 5 3152 10190744.96
582 5 2281 4184342.32
583 5 2691 9940096.65
584 5 1975 1676213.21
585 5 1636 2402541.36
586 5 2326 2644796.60
587 5 3623 12461864.90
588 5 3417 21917072.05
589 5 2811 2676348.25
590 5 4531 7252641.02
591 5 1778 6744212.77
592 5 4317 10460882.65
593 5 2287 6586040.03
594 5 3240 12046995.67
595 5 1829 10195765.70
596 5 1836 8698602.30
597 5 1494 9933741.30
598 5 3233 7225119.38
599 5 1553 6407842.03
600 5 3987 8228278.70
601 5 3595 8647816.86
602 5 2524 22069846.75
603 5 2229 12380942.43
604 5 1569 9234484.65
605 5 1040 2529061.96
606 5 2943 10721382.85
607 5 2294 9489815.64
608 5 2495 14168355.50
609 6 5596 14734786.54
610 6 2270 738589.31
611 6 3446 7166972.05
612 6 1371 157871.86
613 6 1585 169147.78
614 6 2896 9107934.15
615 6 1322 108729.81
616 6 2147 1007996.95
617 6 2232 750044.66
618 6 2320 8103592.37
619 6 1987 8451117.20
620 6 2860 9056436.72
621 6 2092 4826886.54
622 6 1536 9324089.17
623 6 1919 3324242.70
624 6 1944 10750239.74
625 6 2589 7093152.75
626 6 1568 10650420.65
627 6 1535 7993448.11
628 6 2087 11792545.30
629 6 2362 5380269.17
630 6 2249 10318770.69
631 6 2350 8349497.67
632 6 1591 4302943.08
633 6 2809 15094980.49
634 6 1560 7140788.40
635 6 3376 4741192.76
636 6 2454 8811955.59
637 6 2139 6485480.06
638 6 2638 14574603.28
639 6 2365 3850917.06
640 6 2656 1015581.00
641 6 2891 9006526.31
642 6 4266 2375001.02
643 6 1594 7853713.32
644 6 2137 11438331.96
645 6 3008 5000918.64
646 6 1759 13275050.79
647 6 1896 7088733.02
648 6 1287 9161611.23
649 6 820 13461770.57
650 6 1710 23128442.47
651 6 2031 12639742.58
652 6 2122 7081505.06
653 6 698 14982586.52
654 6 5661 25585262.82
655 6 1407 14023372.12
656 6 3104 8649536.56
657 6 1483 7064316.04
658 6 2423 17916747.57
659 6 6862 37642607.94
660 6 1033 8419990.32
661 6 1331 24062282.10
662 6 2230 12834190.08
663 6 4352 16984964.00
664 6 891 11385690.64
665 6 3870 14444284.27
666 6 1903 36303281.12
667 6 2027 14882983.08
668 7 2890 949428.99
669 7 1166 700278.04
670 7 832 134512.15
671 7 1110 269802.85
672 7 2568 277702.42
673 7 1176 160820.73
674 7 5842 58750474.80
675 7 979 159587.02
676 7 1585 161844.71
677 7 5293 999054.03
678 7 4397 177110947.23
679 7 1352 44507314.26
680 7 391 87663324.70
681 7 814 84183676.18
682 7 658 116036987.86
683 7 1236 42777004.35
684 8 2223 1009328.27
685 8 1207 170192.78
686 8 2214 1224531.49
687 8 1814 326493.87
688 8 809 109840.94
689 8 1479 153679.26
690 8 733 172589.30
691 8 775 85394.10
692 8 1234 155368.68
693 8 1487 189952.89
694 8 5763 1262059.36
695 8 1564 162644.37
696 8 1046 200997.95
697 8 2916 1333031.86
698 8 1520 1394715.22
699 8 3080 100386789.06
700 8 1396 242948.63
701 8 957 1896875.99
702 8 764 172310.77
703 8 2396 41520222.69
704 8 1562 74047419.94
705 8 1058 47221838.88
706 8 3573 36034011.74
707 8 3155 37498663.06
708 8 1982 47030934.45
709 8 1208 38975438.12
710 8 2294 16538431.04
711 8 1699 10193973.22
712 8 2362 36466254.91
713 8 1877 20261190.64
714 8 2497 8971403.88
715 8 367 156130275.01
716 8 3106 16865696.80
717 8 1376 10498009.58
718 8 2499 9289299.07
719 8 2468 4879914.24
720 8 2310 14618465.35
721 8 2312 14357649.54
722 8 3543 9846635.85
723 8 3204 56758158.40
724 8 11675 42927270.86
725 8 3574 83540370.95
726 8 1982 179396408.75
727 8 4303 26337984.09
728 8 1514 20515879.32
729 8 4104 18623418.33
730 8 2144 128443443.55
731 8 3050 37028169.17
732 8 930 22346160.46
733 8 2725 48603501.61
734 8 580 28208692.75
735 8 2239 81987819.08
736 8 2959 69599719.19
737 8 1276 3795054.53
738 8 4362 11123988.55
739 8 713 93671423.60
740 8 253 42373356.68
741 8 2796 18931760.02
742 8 2401 56763425.54
743 8 3351 28669716.19
744 8 1855 124810665.23
745 8 928 31303490.28
746 8 1820 15858004.84
747 8 4055 9042756.91
748 8 3649 15794958.47
749 8 1984 189742004.04
750 8 934 5947358.87
751 8 772 47804514.11
752 8 1072 132779879.04
753 8 668 15124823.63
754 8 1062 35778780.91
755 8 914 102479588.84
756 8 1084 25312503.64
757 8 2575 34325919.03
758 8 1136 49124162.57
759 8 1643 37381085.85
760 8 2673 130998537.92
761 8 388 35082437.32
762 8 1108 29472543.53
763 8 1214 15237021.27
764 8 1511 108057341.91
765 8 3950 20589963.44
766 8 967 235204.08
767 8 1295 234438.18
768 8 1123 272795.82
769 8 2068 48422966.92
770 8 1522 27506315.66
771 8 1259 49791071.51
772 8 697 32516598.47
773 8 1795 83720961.91
774 8 1818 55024929.93
775 8 610 37841288.18
776 8 538 56435107.27
777 8 1549 71170115.90
778 8 1177 100080484.16
779 8 1598 67241923.70
780 8 1116 51070320.62
781 9 2691 636492.77
782 9 1179 136686.50
783 9 1112 590258.44
784 9 645 7190264.51
785 9 1483 13027100.32
786 9 1829 7058904.15
787 9 990 30227112.14
788 9 1205 21754772.11
789 9 2164 12940895.70
790 9 172 7904140.51
791 9 509 6829221.01
792 9 1585 27062955.71
793 9 1619 41475719.67
794 9 1665 17504055.17
795 9 1693 14486421.76
796 9 1016 9982243.33
797 9 92 8837154.48
798 9 1999 33087003.78
799 9 2048 31923720.29
800 9 2433 15480520.94
801 9 2064 6155907.42
802 9 558 19672022.77
803 9 1373 16971743.73
804 9 1305 29471519.49
805 9 318 35703265.56
806 9 2053 89236452.53
807 9 638 34592740.95
808 9 1843 40193736.68
