# id_seccion id_distrito
2 17
2120 17
2121 17
3 17
4 17
5 17
6 17
113 14
114 14
115 14
1568 2
1569 2
1570 2
1571 2
1572 2
1573 2
1574 2
1575 2
1576 2
1577 2
1578 2
1579 2
1580 3
1581 3
1582 3
1583 3
1584 3
1585 3
1586 3
1587 3
1588 3
1589 3
1590 3
1591 3
1592 3
1593 3
1594 3
1595 3
1596 3
1597 3
1598 3
1599 3
1600 3
1601 3
1602 23
1603 23
1604 23
1605 23
1607 23
1608 23
1609 23
1610 23
1611 23
1612 23
1613 23
1614 23
1615 24
1616 24
1617 23
1618 23
1619 23
1620 23
1621 23
1622 23
1623 23
1624 23
1625 23
1626 23
1627 23
1628 23
1629 23
1630 23
1631 23
1632 23
1633 24
1634 24
1635 24
1636 24
1637 24
1638 24
1639 24
1640 24
1641 24
1642 24
1643 24
1644 24
1645 24
1646 24
1647 24
1648 24
1649 24
1650 24
1651 24
1652 23
1653 23
1654 23
1655 23
1656 23
1657 23
1659 23
1660 23
1661 23
1662 23
1663 23
1664 23
1665 23
1666 23
1667 23
1668 23
1669 24
1670 24
1671 24
1672 24
1673 24
1674 24
1675 24
1676 24
1677 24
1678 24
1679 24
1680 23
1681 23
1682 23
1683 23
1684 23
1685 23
1686 23
1687 23
1688 23
1689 23
1690 23
1691 23
1692 23
1693 23
1694 23
1695 24
1696 24
1697 24
1698 24
1699 24
1700 24
1701 24
1702 24
1703 24
1704 24
1705 24
1706 24
1707 24
1708 24
1709 24
1710 24
1711 24
1712 23
1713 23
1714 23
1715 23
1716 23
1717 18
1718 18
1719 18
1720 18
1721 18
1722 18
1723 24
1724 24
1725 24
1726 18
1727 18
1728 18
1729 18
1730 18
1732 24
1733 24
1734 24
1735 24
1736 24
1737 24
1738 24
1739 24
1741 24
1742 18
1743 18
1745 24
1746 24
1747 24
1748 24
1749 24
1750 23
1751 18
1752 23
1753 24
1754 23
1930 23
1931 23
1932 23
1933 23
1934 23
1935 23
1936 23
1937 23
1938 23
1939 23
1940 23
1941 23
1942 23
1943 23
1944 23
1945 23
1946 23
1947 23
1948 23
1949 23
1950 23
1951 23
1952 23
1953 23
1954 23
1955 23
1956 23
1957 23
1958 23
1959 23
1960 23
1961 23
1962 23
1963 23
1964 23
1965 23
1966 23
1967 23
1968 23
1969 23
1970 23
1971 23
1972 23
1973 23
1974 23
1975 23
2012 18
2013 23
2014 23
2015 23
2016 23
2017 23
2018 23
2019 23
2020 18
2021 23
2022 23
2023 23
2024 18
2025 23
2026 23
2027 23
2028 18
2029 18
2030 18
2031 18
2032 18
2033 18
2034 18
2035 18
2036 18
2037 18
2038 18
2039 18
2040 18
2041 18
2042 18
2043 18
2044 18
2045 18
2046 18
2116 18
2117 24
2118 24
2119 24
2131 23
2132 23
1755 5
1756 5
1757 5
1758 5
1759 5
1760 5
1761 5
1762 5
1763 5
1764 5
1765 5
1766 5
1767 5
1768 5
1769 5
1770 5
1771 7
1772 7
1773 7
1774 7
1775 7
1776 7
1777 7
1778 3
1779 3
1780 3
1781 3
1782 3
1783 3
1784 3
1785 3
1786 13
1787 13
1788 13
1789 13
1790 13
1791 13
1792 13
1793 13
1794 13
1795 13
1796 13
1797 13
1798 13
1799 13
1800 13
1801 13
1802 13
1803 13
1804 13
1805 13
1806 13
1807 13
1808 13
1809 13
1810 13
1811 13
1812 5
1813 5
1814 5
1815 5
1816 5
1817 5
1818 5
1819 5
1820 5
1821 5
1822 5
1823 5
1824 5
1825 5
1826 5
1827 5
1828 12
1829 12
1830 12
1831 12
1836 12
1838 12
1839 12
1840 12
1841 12
1842 12
1843 12
1844 12
1846 12
1847 12
1848 12
1849 12
1850 12
1851 12
1852 12
1853 12
1854 12
1855 12
2133 12
2134 12
1856 18
1857 18
1858 18
1859 18
1860 18
1861 18
1862 18
1863 18
1864 18
1865 18
1866 18
1867 18
1868 18
1869 18
1870 18
1871 18
1872 18
1873 18
1874 18
1875 18
1876 18
1877 18
1878 18
1879 18
1880 18
1881 18
1882 18
1883 18
1884 18
1885 18
1886 18
1887 18
1888 18
1889 18
1890 18
1891 18
1892 18
1893 18
1894 18
1895 18
1896 18
1897 18
1898 18
1899 18
1900 18
1901 18
116 14
117 14
118 14
119 14
120 14
121 14
122 14
123 14
124 14
125 14
126 14
127 14
128 14
129 14
1902 4
1903 4
1904 4
1905 4
1906 4
1907 4
1908 4
1909 4
1910 4
1911 4
1912 4
1913 4
1914 4
1915 10
1916 10
1917 10
1918 10
1919 10
1920 10
1921 10
1922 10
1923 10
1924 10
1925 10
1926 10
1927 10
1928 10
1929 10
398 9
399 9
867 6
868 6
869 6
874 6
878 6
879 6
747 6
748 6
756 6
757 6
758 6
873 6
875 6
876 6
877 6
880 6
81 17
83 17
86 17
87 17
1213 15
685 9
1196 12
1197 12
130 16
131 16
132 16
133 16
134 16
135 16
136 16
137 16
138 16
139 16
140 16
141 16
142 16
143 16
1045 16
1046 16
1832 12
1833 12
1834 12
1835 12
1837 12
15 10
16 10
17 10
20 10
1414 1
1415 1
1419 1
1420 1
1421 1
1428 1
1429 1
1430 1
1431 1
1432 1
1433 1
1434 1
1435 1
1436 1
1191 14
1194 14
1195 14
1198 14
1205 14
2049 14
144 15
145 15
146 15
147 15
148 15
149 15
150 15
151 15
152 15
153 15
154 15
155 15
156 15
157 15
158 15
159 15
161 15
162 15
2054 15
2055 15
163 3
164 3
165 3
166 3
167 3
168 3
169 3
170 3
171 3
172 3
173 3
174 3
175 3
176 3
177 3
178 3
179 3
180 3
181 3
182 3
183 3
184 3
185 3
186 2
187 2
188 2
189 2
190 2
191 2
192 2
193 2
194 2
195 2
196 2
197 19
198 19
199 19
200 19
201 19
202 19
203 19
204 19
205 19
206 19
207 19
208 19
209 19
210 19
211 19
212 19
213 19
214 19
215 19
216 19
217 19
218 19
219 19
220 19
221 19
222 19
223 19
224 19
225 19
226 19
227 19
228 19
229 19
230 19
231 19
232 19
233 19
234 16
235 16
236 16
237 16
238 16
2126 11
2127 11
239 11
240 11
241 11
242 11
243 11
244 11
245 11
246 11
247 11
248 11
249 11
250 11
251 11
252 11
253 11
254 11
255 11
256 11
257 11
258 11
259 11
260 11
262 11
263 11
264 11
265 11
266 11
267 11
268 11
269 11
270 11
271 11
272 11
273 11
274 11
275 11
276 11
277 11
278 11
279 11
280 11
281 11
282 11
283 11
284 11
285 11
286 11
287 11
288 11
289 11
290 11
291 11
292 11
10 10
11 10
12 10
13 10
14 10
18 10
19 10
7 10
8 10
9 10
293 12
294 12
295 12
296 12
297 12
298 12
299 12
300 12
301 12
302 12
303 12
304 12
305 12
306 12
307 12
308 12
309 12
310 12
311 12
312 12
313 12
314 12
315 12
316 12
317 16
318 16
319 16
320 16
321 16
322 16
323 16
324 16
325 16
326 16
327 16
328 16
329 16
330 16
331 9
332 9
333 9
334 9
335 9
2091 9
2092 9
2093 9
336 9
337 9
338 9
339 9
340 9
341 9
342 9
343 9
344 9
345 9
346 9
347 9
348 9
349 9
350 9
351 9
352 9
353 9
354 9
355 9
356 9
357 9
359 9
360 9
361 9
362 9
363 9
364 9
365 9
366 9
367 9
368 9
369 9
370 9
371 9
372 9
373 9
374 9
375 11
376 11
377 11
378 11
379 11
380 11
381 15
382 15
383 15
2056 9
2057 9
2058 9
384 9
385 9
386 9
387 9
388 9
389 9
390 9
391 9
392 9
394 9
395 9
396 9
397 9
400 9
401 9
2104 13
2105 13
2106 13
2107 13
2108 13
402 13
403 13
404 13
405 13
406 13
407 13
408 13
409 13
410 13
411 13
412 13
413 13
414 13
417 13
418 13
419 13
420 13
421 13
422 13
423 13
424 13
425 13
426 13
427 13
428 13
429 13
430 13
431 13
432 13
433 10
434 10
435 10
436 15
437 15
438 15
21 5
22 5
23 5
24 5
25 5
26 5
27 5
28 5
29 5
30 5
31 5
32 5
33 5
34 5
439 12
440 12
441 12
442 12
443 12
444 12
445 12
446 12
447 12
448 12
449 12
450 12
451 12
452 12
453 12
454 12
455 12
2059 4
2060 4
2061 4
2062 4
2063 4
2064 4
2065 4
2066 4
2067 4
2068 4
2069 4
2070 4
2071 4
2072 4
2073 4
2074 4
2075 4
456 4
457 4
458 4
459 4
460 4
461 4
463 4
464 4
465 4
466 4
467 4
468 4
469 4
470 4
472 4
473 4
474 4
475 4
476 4
477 4
479 4
480 4
483 4
484 4
485 4
487 4
488 4
2122 14
2123 14
2146 14
489 14
490 14
492 14
493 14
494 14
495 14
496 14
497 14
498 14
499 14
500 14
501 14
502 16
503 16
2128 7
2129 7
2130 7
504 7
505 7
506 7
508 7
509 7
510 7
511 7
512 7
513 7
514 7
515 7
516 7
517 7
518 7
519 7
520 7
521 7
522 7
523 7
524 7
525 7
526 7
527 7
528 7
529 7
530 7
531 7
2139 3
2140 3
2141 3
533 3
534 3
535 3
536 3
537 14
538 14
539 14
540 5
541 5
542 5
543 5
544 5
545 5
546 5
547 5
548 5
549 5
550 5
551 5
552 5
553 5
554 5
555 5
556 1
557 1
558 1
559 1
560 1
561 1
562 1
563 1
564 1
565 1
566 10
567 10
568 10
569 10
570 10
571 10
572 10
573 10
574 10
575 10
576 10
35 6
36 6
37 6
38 6
39 6
40 6
41 6
42 6
43 6
577 5
578 5
579 5
580 5
581 5
582 5
583 5
584 5
585 5
586 5
587 5
588 5
589 5
590 5
591 5
592 5
593 5
594 5
595 5
596 5
597 5
598 5
599 5
600 5
601 5
2135 7
2136 7
602 7
603 7
604 7
605 7
606 7
607 7
609 7
610 7
611 7
612 7
613 7
614 7
615 7
616 7
617 15
618 15
619 15
620 15
621 1
622 1
623 1
624 1
625 1
626 1
627 10
628 10
629 10
630 10
631 10
632 10
633 10
634 10
635 10
636 1
637 1
638 19
639 19
640 19
641 19
642 19
643 19
644 19
645 19
646 19
647 19
648 19
649 19
650 19
651 19
652 19
653 19
654 19
655 19
656 19
657 19
658 19
659 19
660 19
661 19
662 15
663 15
664 15
665 15
666 15
667 15
668 15
669 1
670 1
671 1
672 1
673 1
674 1
675 1
676 1
677 1
678 1
679 1
680 1
681 1
682 9
683 9
684 9
686 9
687 9
688 9
689 9
690 9
691 9
44 1
45 1
46 1
47 1
48 1
49 1
50 1
51 1
52 1
53 1
692 2
693 2
694 2
695 2
696 2
2124 17
2125 17
698 17
699 17
700 17
701 17
702 17
703 17
704 17
705 17
706 17
707 17
708 17
709 17
710 17
711 17
712 17
713 17
714 17
715 17
716 17
717 17
2137 6
2138 6
718 6
719 6
720 6
721 6
722 6
723 6
724 6
725 6
726 6
727 6
728 6
729 6
730 6
731 6
732 6
734 6
735 6
736 6
737 6
738 6
739 6
740 6
741 6
742 6
743 6
744 6
745 6
746 6
749 6
750 6
751 6
752 6
753 6
754 6
755 6
759 6
760 14
761 14
762 14
763 14
764 14
765 5
766 5
767 5
768 5
769 5
770 5
771 5
772 5
773 5
774 5
775 5
776 5
777 5
778 5
779 5
780 3
781 3
782 8
783 8
784 8
785 8
786 8
2144 14
2145 14
787 14
788 14
790 14
791 14
792 14
793 14
794 14
795 14
796 14
797 14
798 14
799 14
800 14
801 14
802 14
803 14
804 14
805 14
806 14
807 14
808 14
809 14
810 14
811 14
812 14
813 14
814 10
2076 22
2077 22
2078 22
2079 22
2080 22
2081 22
2082 22
2083 22
815 22
816 22
817 22
818 22
819 22
820 22
821 22
822 22
823 22
824 22
825 22
827 22
828 22
829 22
830 22
831 22
832 22
833 22
834 22
835 22
836 22
837 22
838 22
839 22
840 22
841 22
842 22
843 22
844 22
845 22
846 22
847 22
848 22
849 22
850 22
851 22
852 22
853 22
854 22
856 22
857 22
858 22
859 22
860 22
861 22
862 22
863 22
864 22
865 6
866 6
870 22
871 22
872 6
881 6
54 14
55 14
56 14
57 14
58 14
59 14
60 14
61 14
62 14
63 14
64 14
65 14
66 14
67 14
882 16
883 16
884 16
2109 19
2110 19
2111 19
2112 19
885 19
886 19
887 19
888 19
889 19
890 19
891 19
892 19
893 19
894 19
895 19
896 19
897 19
898 19
899 19
901 19
902 19
903 19
904 19
905 19
906 19
907 19
908 19
909 19
910 19
911 19
912 19
2084 1
2085 1
914 1
915 1
916 1
917 1
918 1
919 1
920 1
921 1
922 1
923 15
924 15
925 8
926 8
927 8
928 8
929 8
930 8
931 8
932 8
933 8
934 8
935 8
936 8
937 8
938 8
939 8
940 8
941 8
942 8
943 8
2050 2
2051 2
2052 2
2053 2
944 2
945 2
946 2
947 2
948 2
949 2
950 2
951 2
953 2
954 2
955 2
956 2
957 2
958 2
959 2
960 2
961 2
962 2
963 2
964 2
965 2
966 2
967 2
968 2
969 2
970 2
971 2
972 2
974 2
975 2
976 2
977 8
978 8
979 8
980 8
981 8
982 8
983 8
984 8
985 16
986 16
987 16
988 16
989 16
1000 1
1001 1
1002 1
1003 1
1004 1
1005 1
1006 1
1007 1
990 1
991 1
992 1
993 1
994 1
995 1
996 1
997 1
998 1
999 1
1008 17
1009 17
1010 17
1011 17
1012 17
1013 17
1014 17
1015 17
1016 17
1017 17
1018 17
1019 17
1020 17
1021 17
1022 17
1023 17
1024 17
1025 17
1026 17
1027 17
1028 17
1029 17
1030 17
1031 17
1032 17
1033 17
68 11
69 11
70 11
71 11
1034 14
1035 14
1036 14
1037 14
1038 14
1039 15
1040 15
1041 15
1042 15
1043 15
1044 15
1047 15
1048 15
1049 16
1050 16
1051 16
1052 1
1053 1
1054 1
1055 1
1056 1
1058 1
1059 1
1060 1
1061 1
1062 1
1063 1
1064 1
1065 1
1066 1
1067 1
1068 1
1069 1
2086 1
2087 1
2088 1
1070 11
1071 11
1072 11
1073 11
1074 11
1075 11
1076 11
1077 11
1078 11
1079 11
1080 11
1081 11
1082 1
1083 1
1084 1
1085 1
1086 1
1087 1
1088 1
1089 1
1090 1
1091 1
1092 2
1093 2
1094 2
1095 2
1096 2
1097 2
1098 2
1099 2
1100 2
1101 2
1102 2
1103 2
1104 2
1105 2
1106 2
1107 2
1108 2
1109 2
1110 2
1111 2
1112 2
1113 20
1114 20
1116 20
1117 20
1118 20
1119 20
1120 20
1121 20
1122 20
1123 20
1124 20
1125 20
1126 20
1127 20
1129 20
1130 20
1131 20
1132 20
1133 20
1134 20
1135 20
1136 20
1137 20
1138 20
1139 20
1140 20
1141 20
1142 20
1143 20
1144 20
1145 20
1146 20
1147 20
1148 20
1149 20
1150 20
1151 20
1152 20
1153 20
1154 20
1155 20
1156 20
1157 20
1158 20
1159 20
1160 20
1161 20
1162 20
1163 20
2094 20
2095 20
2096 20
2097 20
2098 20
1165 16
1166 16
1167 16
1168 16
1169 16
1170 16
1171 16
1172 16
1173 16
1174 16
1175 16
1176 16
2089 16
2090 16
1178 8
1179 8
1181 8
1182 8
1183 8
1184 8
1186 8
2099 8
2100 8
2101 8
2102 8
2103 8
72 12
73 12
74 12
75 12
76 12
77 12
78 12
79 12
80 12
82 12
84 12
85 12
1187 10
1188 10
1189 14
1190 14
1192 14
1193 14
1199 14
1200 14
1201 14
1202 14
1203 14
1204 14
1206 14
1207 15
1208 15
1209 15
1210 15
1211 15
1212 15
1214 15
1215 15
1216 15
1217 15
1218 15
1219 15
1220 15
1221 15
1222 8
1223 8
1224 8
1225 8
1226 13
1227 13
1228 13
1229 13
1230 13
1231 13
1232 13
1233 1
1234 1
1235 1
1236 15
1237 15
1238 15
1239 15
1240 18
1241 18
1242 18
1243 18
1244 18
1245 18
1246 18
1247 3
1248 3
1249 3
1250 3
1251 3
1252 3
1253 3
1254 3
1255 3
1256 3
1257 3
1258 3
1259 3
1260 3
1261 3
1262 3
1263 3
1264 1
100 18
101 18
102 18
103 18
104 18
105 18
106 18
107 18
108 18
109 18
110 18
111 18
112 18
88 18
89 18
90 18
91 18
92 18
93 18
94 18
95 18
96 18
97 18
98 18
99 18
1265 21
1266 21
1267 21
1268 21
1269 21
1270 3
1271 21
1272 21
1274 21
1275 21
1276 3
1277 21
1278 21
1279 3
1280 3
1281 3
1282 3
1283 3
1284 21
1285 21
1286 21
1287 21
1288 21
1289 21
1290 21
1291 3
1292 3
1293 3
1294 3
1295 3
1296 3
1297 3
1298 21
1299 21
1300 21
1301 21
1302 21
1303 21
1304 21
1305 21
1306 21
1307 21
1308 21
1309 21
1310 21
1311 3
1312 3
1313 21
1314 21
1315 21
1316 21
1317 21
1318 21
1319 21
1320 21
1321 21
1322 21
1323 21
1324 21
1325 21
1326 21
1327 21
1328 21
1329 21
1330 21
1331 21
1332 21
1333 21
1334 21
1335 21
1336 21
1337 21
1338 21
1339 21
1340 21
1341 21
1342 21
1343 21
1344 3
1345 3
1346 3
1347 3
1348 3
1349 3
1350 3
1351 3
1352 3
1353 3
1354 3
1355 3
1356 3
1357 3
1358 3
1359 3
1360 3
1361 3
1362 3
1363 3
1364 3
1365 3
1366 3
1367 3
1368 3
1369 3
1370 3
1371 3
1372 3
1373 3
1374 3
1375 3
1376 21
1377 21
1378 21
1379 21
1380 21
1381 21
1382 21
1383 21
1384 21
1385 21
1386 21
1387 21
1388 21
1389 21
1390 21
1391 21
1392 21
1393 21
1396 21
1397 21
1398 21
1399 21
1400 21
1976 21
1977 21
1978 21
1979 21
1980 21
1981 21
1982 21
1983 21
1984 21
1985 21
1986 21
1987 21
1988 21
1989 21
1990 21
1991 21
1992 21
1993 21
1994 21
1995 21
1996 21
1997 21
1998 21
1999 21
2000 21
2001 21
2002 21
2003 21
2004 21
2005 21
2006 21
2007 21
2008 21
2009 21
2010 21
2011 21
2047 21
2048 21
2142 21
2143 21
2147 21
1164 11
1404 15
1405 15
1406 16
1407 16
1408 16
1409 16
1410 16
1411 16
1412 16
1413 16
1416 16
1417 16
1418 16
1422 16
1423 16
1424 16
1425 16
1426 16
1427 16
1437 16
1438 8
1439 8
1440 8
1441 8
1442 8
1443 8
1444 8
1445 8
1446 8
1447 8
1448 8
1449 8
1450 8
1451 8
1452 8
1453 8
1454 10
1455 10
1456 10
1457 10
1458 10
1459 10
1460 10
1461 10
1462 10
1463 10
1464 4
1465 4
1466 4
1467 4
1468 4
1469 4
1470 4
1471 4
1472 4
1473 4
1474 4
1475 4
1476 4
1477 4
1478 4
1479 4
1480 4
1481 4
1482 4
1483 4
1484 4
1485 4
1486 17
1487 17
1488 17
1489 17
1490 17
1491 17
1492 17
1493 17
1494 17
1495 17
1496 17
1497 17
1498 17
1499 17
1500 17
1501 17
1502 17
1503 17
1504 17
1505 17
1506 17
1507 17
1508 17
1509 17
1510 17
1511 17
1512 17
1513 17
1514 17
1515 17
1516 17
1517 17
1518 17
1519 17
1520 17
1521 17
1522 17
1523 17
1524 17
1525 17
1526 17
1527 17
1528 17
1530 10
2113 10
2114 10
2115 10
1532 7
1533 7
1534 7
1535 7
1536 7
1537 7
1538 7
1539 7
1540 7
1541 7
1542 7
1543 7
1544 7
1545 7
1546 7
1547 7
1548 7
1549 7
1550 7
1551 7
1552 7
1553 7
1554 7
1555 7
1556 7
1557 7
1558 7
1559 7
1560 7
1561 7
1562 7
1563 7
1564 7
1565 7
1566 7
1567 7
