
1	2	1131525.52	2914	2151	1
1	2120	16899490.12	1183	2151	1
1	2121	21320265.09	4876	2151	1
1	3	17881446.86	3703	2151	1
1	4	97420268.52	809	2151	1
1	5	77410517.13	1884	2151	1
1	6	41712961.73	3001	2151	1
10	113	30448765.55	2468	2160	1
10	114	26578797.43	2575	2160	1
10	115	23085558.24	2092	2160	1
100	1568	875884.18	2811	2241	5
100	1569	51971768.66	2525	2241	5
100	1570	40338546.83	3005	2241	5
100	1571	66926718.14	4254	2241	5
100	1572	37721119.51	4694	2241	5
100	1573	30100082.08	1972	2241	5
100	1574	11963282.07	4250	2241	5
100	1575	12174054.98	3592	2241	5
100	1576	15883973.70	3030	2241	5
100	1577	15328252.71	2009	2241	5
100	1578	55683513.65	3629	2241	5
100	1579	62748661.86	3694	2241	5
101	1580	227449.35	830	2242	2
101	1581	416659.91	1541	2242	2
101	1582	205099.63	1093	2242	2
101	1583	897558.03	2035	2242	2
101	1584	711091.75	1968	2242	2
101	1585	10025713.45	1458	2242	2
101	1586	4845788.17	3294	2242	2
101	1587	6831354.73	3149	2242	2
101	1588	5304713.83	1237	2242	2
101	1589	14678362.04	1307	2242	2
101	1590	5663288.30	1220	2242	2
101	1591	12556702.02	4058	2242	2
101	1592	12087099.59	2705	2242	2
101	1593	6146559.95	1957	2242	2
101	1594	12235237.67	3307	2242	2
101	1595	4133639.14	616	2242	2
101	1596	4604516.03	955	2242	2
101	1597	7713488.42	1586	2242	2
101	1598	3909319.74	1348	2242	2
101	1599	18276459.32	2934	2242	2
101	1600	8132878.06	886	2242	2
101	1601	5532849.83	1041	2242	2
102	1602	13054612.45	17408	1602	1
102	1603	387527.92	4809	1603	1
102	1604	357530.48	4977	1604	1
102	1605	1455343.12	4544	1605	1
102	1607	238241.85	3027	1607	1
102	1608	453771.92	6274	1608	1
102	1609	658757.17	7490	1609	1
102	1610	918799.48	8424	1610	1
102	1611	376838.18	4511	1611	1
102	1612	269076.41	3190	1612	1
102	1613	184806.66	2968	1613	1
102	1614	277420.68	4219	1614	1
102	1615	439024.13	6064	1615	1
102	1616	13619531.67	22003	1616	1
102	1617	420630.00	4700	1617	1
102	1618	202886.95	2559	1618	1
102	1619	213677.12	2378	1619	1
102	1620	262026.20	2789	1620	1
102	1621	52416.38	1112	1621	1
102	1622	5715764.65	9843	1622	1
102	1623	199252.85	3470	1623	1
102	1624	202125.72	3207	1624	1
102	1625	254770.08	3976	1625	1
102	1626	111553.67	1922	1626	1
102	1627	94676.02	1587	1627	1
102	1628	147057.79	1914	1628	1
102	1629	938275.46	4600	1629	1
102	1630	204566.96	2246	1630	1
102	1631	273390.70	2582	1631	1
102	1632	361714.84	2085	1632	1
102	1633	352656.21	2171	1633	1
102	1634	440293.19	2966	1634	1
102	1635	208813.64	1057	1635	1
102	1636	258331.18	2865	1636	1
102	1637	3735975.07	2705	1637	1
102	1638	11025536.88	14549	1638	1
102	1639	290855.58	2245	1639	1
102	1640	6696174.32	10660	1640	1
102	1641	1423854.68	3045	1641	1
102	1642	91858.78	1128	1642	1
102	1643	64174.00	1344	1643	1
102	1644	307570.90	2104	1644	1
102	1645	185613.11	1557	1645	1
102	1646	371485.36	1713	1646	1
102	1647	181419.96	2377	1647	1
102	1648	202515.23	1428	1648	1
102	1649	313428.53	1545	1649	1
102	1650	117561.41	1221	1650	1
102	1651	207864.06	1864	1651	1
102	1652	173413.07	1396	1652	1
102	1653	344796.04	2458	1653	1
102	1654	345634.37	1583	1654	1
102	1655	115788.62	1675	1655	1
102	1656	139501.80	1387	1656	1
102	1657	442146.97	3619	1657	1
102	1659	1801441.53	3997	1659	1
102	1660	175162.94	3484	1660	1
102	1661	237781.36	4185	1661	1
102	1662	664251.82	3067	1662	1
102	1663	681802.15	4422	1663	1
102	1664	353835.14	1705	1664	1
102	1665	261654.73	1050	1665	1
102	1666	310216.65	1821	1666	1
102	1667	81338.28	753	1667	1
102	1668	252546.23	1463	1668	1
102	1669	135751.53	1341	1669	1
102	1670	138599.24	980	1670	1
102	1671	104683.95	973	1671	1
102	1672	467936.44	1452	1672	1
102	1673	2435284.95	2993	1673	1
102	1674	530968.78	1615	1674	1
102	1675	865046.88	852	1675	1
102	1676	211750.29	778	1676	1
102	1677	102779.06	578	1677	1
102	1678	138764.47	553	1678	1
102	1679	144435.80	843	1679	1
102	1680	252629.71	889	1680	1
102	1681	150824.52	849	1681	1
102	1682	194416.66	1484	1682	1
102	1683	295462.42	1711	1683	1
102	1684	147255.03	1828	1684	1
102	1685	650373.56	3506	1685	1
102	1686	139526.52	2446	1686	1
102	1687	67007.65	1117	1687	1
102	1688	73817.87	964	1688	1
102	1689	186005.80	1835	1689	1
102	1690	287906.90	1721	1690	1
102	1691	144851.75	1211	1691	1
102	1692	126121.75	1203	1692	1
102	1693	94698.92	1068	1693	1
102	1694	163900.95	831	1694	1
102	1695	209811.35	686	1695	1
102	1696	109526.56	592	1696	1
102	1697	79924.62	669	1697	1
102	1698	250315.81	1210	1698	1
102	1699	315695.03	1455	1699	1
102	1700	634625.93	2492	1700	1
102	1701	285151.09	1157	1701	1
102	1702	231072.74	1483	1702	1
102	1703	546544.70	4952	1703	1
102	1704	367923.35	2442	1704	1
102	1705	218651.54	1794	1705	1
102	1706	416286.44	3876	1706	1
102	1707	391403.05	2717	1707	1
102	1708	310312.53	1940	1708	1
102	1709	124594.48	1307	1709	1
102	1710	64946.49	583	1710	1
102	1711	100253.03	557	1711	1
102	1712	305500.36	1730	1712	1
102	1713	90060.88	1686	1713	1
102	1714	107582.96	1870	1714	1
102	1715	139861.34	1764	1715	1
102	1716	134001.53	1765	1716	1
102	1717	291431.16	3483	1717	1
102	1718	151002.72	1847	1718	1
102	1719	189689.88	1329	1719	1
102	1720	238422.06	2344	1720	1
102	1721	193436.89	1857	1721	1
102	1722	180380.35	1353	1722	1
102	1723	134599.31	1495	1723	1
102	1724	160535.45	1562	1724	1
102	1725	131314.70	1477	1725	1
102	1726	127213.01	1969	1726	1
102	1727	237283.27	2076	1727	1
102	1728	147227.95	1924	1728	1
102	1729	998615.67	6100	1729	1
102	1730	379509.42	5009	1730	1
102	1732	238094.11	3269	1732	1
102	1733	188272.63	2044	1733	1
102	1734	444226.61	3003	1734	1
102	1735	2886786.09	7730	1735	1
102	1736	9671762.87	18442	1736	1
102	1737	6646404.53	23169	1737	1
102	1738	418068.75	4150	1738	1
102	1739	15939967.75	12695	1739	1
102	1741	177119.20	1864	1741	1
102	1742	28794954.57	7033	1742	1
102	1743	4091433.00	13986	1743	1
102	1745	1610624.17	4476	2150	1
102	1746	1989394.42	5411	2150	1
102	1747	43582135.28	14833	2150	1
102	1748	66648605.67	11461	1748	1
102	1749	5192326.68	8069	1749	1
102	1750	553776.11	7626	1750	1
102	1751	845562.46	4217	1751	1
102	1752	134744.04	430	1752	1
102	1753	1800859.39	580	1753	1
102	1754	152913.35	1571	1754	1
102	1930	10674238.22	2174	1930	1
102	1931	47715.27	652	1931	1
102	1932	45360.11	689	1932	1
102	1933	45521.64	527	1933	1
102	1934	72181.15	1109	1934	1
102	1935	43317.57	632	1935	1
102	1936	77004.56	997	1936	1
102	1937	38785.17	812	1937	1
102	1938	70094.36	653	1938	1
102	1939	58394.12	612	1939	1
102	1940	45531.54	716	1940	1
102	1941	53313.44	797	1941	1
102	1942	58213.75	1050	1942	1
102	1943	181123.68	1354	1943	1
102	1944	74910.44	855	1944	1
102	1945	58797.57	813	1945	1
102	1946	38490.08	810	1946	1
102	1947	58529.56	780	1947	1
102	1948	66218.13	840	1948	1
102	1949	35657.66	629	1949	1
102	1950	48651.04	1000	1950	1
102	1951	33993.13	569	1951	1
102	1952	32559.47	520	1952	1
102	1953	51775.20	614	1953	1
102	1954	26162.34	482	1954	1
102	1955	72214.72	958	1955	1
102	1956	29537.25	638	1956	1
102	1957	205447.97	1498	1957	1
102	1958	32726.96	566	1958	1
102	1959	25237.99	515	1959	1
102	1960	36902.96	306	1960	1
102	1961	29932.11	684	1961	1
102	1962	24236.26	595	1962	1
102	1963	32267.20	644	1963	1
102	1964	70965.88	1073	1964	1
102	1965	30765.78	688	1965	1
102	1966	30404.04	628	1966	1
102	1967	45287.93	809	1967	1
102	1968	46484.44	929	1968	1
102	1969	38346.36	600	1969	1
102	1970	58927.24	765	1970	1
102	1971	94263.37	1379	1971	1
102	1972	119387.64	677	1972	1
102	1973	45774.48	774	1973	1
102	1974	115228.47	985	1974	1
102	1975	33474.97	652	1975	1
102	2012	3195380.61	1018	2012	1
102	2013	49427.73	795	2013	1
102	2014	56227.74	927	2014	1
102	2015	80380.81	1178	2015	1
102	2016	69766.66	1007	2016	1
102	2017	188375.93	2630	2017	1
102	2018	103405.38	1069	2018	1
102	2019	91022.75	1580	2019	1
102	2020	101710.41	1252	2020	1
102	2021	462016.00	2219	2021	1
102	2022	259160.29	2996	2022	1
102	2023	79135.57	732	2023	1
102	2024	833640.51	2537	2024	1
102	2025	81016.35	1019	2025	1
102	2026	589274.96	802	2026	1
102	2027	55100.28	734	2027	1
102	2028	661852.63	1880	2028	1
102	2029	1213945.54	2636	2029	1
102	2030	184808.21	663	2030	1
102	2031	122083.29	1036	2031	1
102	2032	49550.73	771	2032	1
102	2033	41170.58	697	2033	1
102	2034	34805.32	708	2034	1
102	2035	42032.67	536	2035	1
102	2036	25286.26	516	2036	1
102	2037	90988.01	747	2037	1
102	2038	35391.42	838	2038	1
102	2039	24794.43	620	2039	1
102	2040	359231.15	2426	2040	1
102	2041	212065.33	638	2041	1
102	2042	73929.34	852	2042	1
102	2043	1045184.37	1027	2043	1
102	2044	92200.14	1259	2044	1
102	2045	108175.85	891	2045	1
102	2046	99421.79	1614	2046	1
102	2116	363534.21	2776	2116	1
102	2117	904515.48	1624	2117	1
102	2118	132965.81	1325	2118	1
102	2119	1907911.62	2627	2119	1
102	2131	578254.54	2015	2131	1
102	2132	731247.09	2104	2132	1
103	1755	905238.77	2752	2243	1
103	1756	10149149.21	790	2243	1
103	1757	8780286.02	1000	2243	1
103	1758	11639902.82	1511	2243	1
103	1759	13491848.60	1202	2243	1
103	1760	9725227.40	1103	2243	1
103	1761	9830251.06	990	2243	1
103	1762	14160527.77	1614	2243	1
103	1763	5408558.14	3844	2243	1
103	1764	5360164.01	3862	2243	1
103	1765	5848730.52	1785	2243	1
103	1766	14988451.41	1338	2243	1
103	1767	8043401.60	1317	2243	1
103	1768	13588422.86	1002	2243	1
103	1769	17124670.05	1775	2243	1
103	1770	24969855.60	3973	2243	1
104	1771	52666846.28	3719	2244	1
104	1772	1015019.13	1063	2244	1
104	1773	31677722.05	1768	2244	1
104	1774	43024712.76	1331	2244	1
104	1775	1991182.96	2882	2244	1
104	1776	102563928.58	3315	2244	1
104	1777	157874141.76	2305	2244	1
105	1778	7124141.12	3158	2245	2
105	1779	19240053.81	2069	2245	2
105	1780	5774274.01	1110	2245	2
105	1781	2817508.66	2166	2245	2
105	1782	8650911.68	1772	2245	2
105	1783	16060282.20	1503	2245	2
105	1784	1210242.51	2827	2245	2
105	1785	598099.42	1403	2245	2
106	1786	262871.12	2300	2246	5
106	1787	119514.71	721	2246	5
106	1788	196220.62	1609	2246	5
106	1789	257009.04	1940	2246	5
106	1790	233521.89	1907	2246	5
106	1791	167145.06	1604	2246	5
106	1792	166673.73	1605	2246	5
106	1793	58248283.61	2024	2246	5
106	1794	14631633.22	1668	2246	5
106	1795	82987831.34	2641	2246	5
106	1796	104938270.67	5460	2246	5
106	1797	35679812.00	5307	2246	5
106	1798	62534832.65	5596	2246	5
106	1799	20489815.12	3584	2246	5
106	1800	4750507.13	4489	2246	5
106	1801	396629.35	1340	2246	5
106	1802	31846088.13	3183	2246	5
106	1803	73455544.96	1152	2246	5
106	1804	3659742.39	3224	2246	5
106	1805	6687215.22	2231	2246	5
106	1806	1394374.38	2403	2246	5
106	1807	45380704.54	1894	2246	5
106	1808	471110970.50	2713	2246	5
106	1809	69395928.00	818	2246	5
106	1810	114302440.68	4359	2246	5
106	1811	42170772.74	1674	2246	5
107	1812	21524909.64	3529	2247	1
107	1813	26052795.20	3223	2247	1
107	1814	27318612.60	2262	2247	1
107	1815	12492250.93	3381	2247	1
107	1816	19759598.50	1300	2247	1
107	1817	27434186.09	1034	2247	1
107	1818	23933364.62	913	2247	1
107	1819	19931121.35	1398	2247	1
107	1820	17670906.33	895	2247	1
107	1821	11923636.34	3156	2247	1
107	1822	22293538.90	1610	2247	1
107	1823	11213269.84	2231	2247	1
107	1824	22446647.88	889	2247	1
107	1825	36207833.54	2247	2247	1
107	1826	51542060.64	1266	2247	1
107	1827	122746638.09	1292	2247	1
108	1828	25082842.30	4379	2248	1
108	1829	9510754.38	2540	2248	1
108	1830	18025820.22	2875	2248	1
108	1831	10550708.42	3615	2248	1
108	1836	127512036.44	1590	2248	1
108	1838	117745612.34	1627	2248	1
108	1839	111236803.47	1987	2248	1
108	1840	38942662.89	3844	2248	1
108	1841	36318159.78	4938	2248	1
108	1842	67723805.87	748	2248	1
108	1843	63101273.88	3221	2248	1
108	1844	21212649.46	2620	2248	1
108	1846	158369513.76	5525	2248	1
108	1847	253025367.01	1485	2248	1
108	1848	10522284.79	2704	2248	1
108	1849	384699.06	1718	2248	1
108	1850	11050446.84	2880	2248	1
108	1851	82431725.58	2221	2248	1
108	1852	567879002.43	3340	2248	1
108	1853	97097954.14	2610	2248	1
108	1854	369686086.03	2019	2248	1
108	1855	229801000.27	3274	2248	1
108	2133	6244154.91	2046	2248	1
108	2134	29616643.25	2412	2248	1
109	1856	38407693.62	4182	2249	1
109	1857	602912.83	1541	2249	1
109	1858	20382712.02	3350	2249	1
109	1859	1531246.62	2128	2249	1
109	1860	227743.70	2003	2249	1
109	1861	169623.67	631	2249	1
109	1862	169553.72	1093	2249	1
109	1863	42357719.85	6016	2249	1
109	1864	151501.53	1357	2249	1
109	1865	258656.33	1214	2249	1
109	1866	32232057.50	1609	2249	1
109	1867	828450.35	3244	2249	1
109	1868	283812.98	1501	2249	1
109	1869	184321.03	1805	2249	1
109	1870	133071.88	1745	2249	1
109	1871	1230378.41	8757	2249	1
109	1872	19832509.36	1741	2249	1
109	1873	57037193.66	979	2249	1
109	1874	153109048.95	2766	2249	1
109	1875	45807026.05	744	2249	1
109	1876	156851493.36	1705	2249	1
109	1877	629384.32	2192	2249	1
109	1878	16528167.30	2186	2249	1
109	1879	897334.42	1733	2249	1
109	1880	125948862.46	2285	2249	1
109	1881	56938499.04	2607	2249	1
109	1882	991612.61	2780	2249	1
109	1883	161336898.24	3138	2249	1
109	1884	13932744.26	2410	2249	1
109	1885	756153.58	2807	2249	1
109	1886	2128977.31	3085	2249	1
109	1887	64815489.95	1305	2249	1
109	1888	117301766.16	1856	2249	1
109	1889	4718355.03	1304	2249	1
109	1890	1703796.92	3312	2249	1
109	1891	87255613.51	1737	2249	1
109	1892	46222444.70	2169	2249	1
109	1893	13947194.62	1661	2249	1
109	1894	91357049.28	2291	2249	1
109	1895	242436194.88	3331	2249	1
109	1896	156185774.63	2177	2249	1
109	1897	13927753.40	2617	2249	1
109	1898	5207824.77	2575	2249	1
109	1899	25249995.73	1711	2249	1
109	1900	117227834.06	1213	2249	1
109	1901	8852666.59	4280	2249	1
11	116	592801.76	1410	2161	1
11	117	19951558.81	1723	2161	1
11	118	13576581.42	797	2161	1
11	119	16426550.73	494	2161	1
11	120	6731315.08	1363	2161	1
11	121	19546852.33	2005	2161	1
11	122	8291208.27	1332	2161	1
11	123	31089846.09	1677	2161	1
11	124	24897446.84	1962	2161	1
11	125	34796498.37	958	2161	1
11	126	11638814.99	1765	2161	1
11	127	23175744.51	1674	2161	1
11	128	10959146.24	2658	2161	1
11	129	8867050.09	999	2161	1
110	1902	1023136.29	4186	2250	5
110	1903	762657.58	2793	2250	5
110	1904	574511.55	4394	2250	5
110	1905	169548.93	1501	2250	5
110	1906	710085.70	3339	2250	5
110	1907	27434630.93	2145	2250	5
110	1908	21770186.22	4725	2250	5
110	1909	50250428.72	2380	2250	5
110	1910	40757454.33	2439	2250	5
110	1911	27958859.05	4705	2250	5
110	1912	12843654.74	4306	2250	5
110	1913	19718379.26	3118	2250	5
110	1914	17537454.90	882	2250	5
111	1915	1130591.35	2590	2251	5
111	1916	1339931.23	2160	2251	5
111	1917	29883371.79	2557	2251	5
111	1918	9698789.02	3986	2251	5
111	1919	6653340.31	2196	2251	5
111	1920	3362441.34	4405	2251	5
111	1921	14479125.17	3011	2251	5
111	1922	14152152.54	2344	2251	5
111	1923	995308.26	3000	2251	5
111	1924	36753441.34	3046	2251	5
111	1925	7296186.38	3778	2251	5
111	1926	23298206.05	1221	2251	5
111	1927	3568994.86	5175	2251	5
111	1928	19721612.13	2846	2251	5
111	1929	22279679.18	2996	2251	5
112	398	12798865.39	3349	2252	5
112	399	13989406.11	5131	2252	5
113	867	1292261.45	3330	2253	3
113	868	1730750.31	4670	2253	3
113	869	417967562.26	4176	2253	3
113	874	300380135.47	3462	2253	3
113	878	221141016.14	4549	2253	3
113	879	147354662.81	3416	2253	3
114	747	227916447.68	4610	2254	5
114	748	61536848.04	2163	2254	5
114	756	58513228.02	3051	2254	5
114	757	121989586.36	2619	2254	5
114	758	72920691.88	3575	2254	5
115	873	208069422.15	2471	2255	3
115	875	127149304.92	1637	2255	3
115	876	217072598.04	5074	2255	3
115	877	96471556.13	1625	2255	3
115	880	263088051.70	2074	2255	3
116	81	33637301.49	1159	2256	1
116	83	44643686.58	3500	2256	1
116	86	88219731.92	1942	2256	1
116	87	31416813.27	1787	2256	1
117	1213	38314122.77	5721	1213	5
118	685	16521689.36	4959	685	5
119	1196	101987367.71	1634	2257	1
119	1197	123253066.17	2681	2257	1
12	130	1177812.07	8606	2162	1
12	131	407134.37	3673	2162	1
12	132	2938920.32	4067	2162	1
12	133	1159010.90	3690	2162	1
12	134	550790.97	2887	2162	1
12	135	299149.51	3155	2162	1
12	136	66119951.11	13278	2162	1
12	137	13943405.06	1972	2162	1
12	138	53015550.07	2470	2162	1
12	139	25616308.46	943	2162	1
12	140	44917067.36	951	2162	1
12	141	32325007.31	1075	2162	1
12	142	78109565.99	4673	2162	1
12	143	46786644.88	12675	2162	1
120	1045	48569873.03	5910	2258	5
120	1046	29364801.69	2808	2258	5
121	1832	74539876.49	3113	2259	1
121	1833	1636386.26	3892	2259	1
121	1834	118958835.45	2635	2259	1
121	1835	68765878.18	2815	2259	1
121	1837	105725920.50	3132	2259	1
122	15	85333118.83	2013	2260	1
122	16	12313909.94	2559	2260	1
122	17	88776238.82	3664	2260	1
122	20	31613358.76	2547	2260	1
123	1414	21979208.61	2104	2261	5
123	1415	47510358.70	891	2261	5
123	1419	50013290.01	1954	2261	5
123	1420	75550884.53	2088	2261	5
123	1421	69141492.00	1526	2261	5
123	1428	59235446.91	1471	2261	5
123	1429	72864905.06	2360	2261	5
123	1430	489712.91	1752	2261	5
123	1431	1111037.75	1373	2261	5
123	1432	1100930.71	2052	2261	5
123	1433	14114718.62	2571	2261	5
123	1434	250103333.75	1894	2261	5
123	1435	78234619.70	1673	2261	5
123	1436	24504721.08	138	2261	5
124	1191	30134697.97	686	2262	1
124	1194	34081985.81	2620	2262	1
124	1195	115296420.07	3633	2262	1
124	1198	32327854.72	2346	2262	1
124	1205	51245787.29	2365	2262	1
124	2049	3776841.06	0	2262	1
13	144	585841.60	3914	2163	5
13	145	751535.49	3890	2163	5
13	146	378316.63	2006	2163	5
13	147	546231.22	3807	2163	5
13	148	55608044.91	2838	2163	5
13	149	96229027.13	2962	2163	5
13	150	51972680.94	2881	2163	5
13	151	51234271.73	5940	2163	5
13	152	28177783.08	3922	2163	5
13	153	46239976.99	4035	2163	5
13	154	47611725.74	4400	2163	5
14	155	205215.57	1824	2164	5
14	156	240794.61	1546	2164	5
14	157	48137539.38	6193	2164	5
14	158	20716126.30	1262	2164	5
14	159	25590830.94	3430	2164	5
14	161	18244730.91	2180	2164	5
14	162	20311914.91	2730	2164	5
14	2054	11132565.65	1120	2164	5
14	2055	16863607.73	4357	2164	5
15	163	1146691.79	3084	2245	2
15	164	1394331.57	5878	2245	2
15	165	348455.06	2396	2245	2
15	166	831199.33	2992	2245	2
15	167	614575.98	1852	2245	2
15	168	513179.38	1302	2245	2
15	169	527076.79	808	2245	2
15	170	31196158.12	1578	2245	2
15	171	23400444.95	946	2245	2
15	172	23814374.40	1107	2245	2
15	173	10496058.22	2139	2245	2
15	174	5583271.59	837	2245	2
15	175	3848598.49	1377	2245	2
15	176	7667431.71	2137	2245	2
15	177	3287387.79	858	2245	2
15	178	9114777.21	2479	2245	2
15	179	6107579.02	2525	2245	2
15	180	10548126.25	2331	2245	2
15	181	4016835.97	2845	2245	2
15	182	1972301.26	2688	2245	2
15	183	1367007.89	1988	2245	2
15	184	5255904.17	3283	2245	2
15	185	19746462.11	3063	2245	2
16	186	40533699.07	1682	2209	5
16	187	764032.33	2138	2209	5
16	188	83928509.10	1759	2209	5
16	189	64456965.78	1052	2209	5
16	190	110581878.74	752	2209	5
16	191	51514421.13	653	2209	5
16	192	70673415.24	1635	2209	5
16	193	71827500.63	2982	2209	5
16	194	56558385.60	2260	2209	5
16	195	64681630.32	1373	2209	5
16	196	25316472.55	928	2209	5
17	197	26956680.93	2700	2165	1
17	198	409592.66	1277	2165	1
17	199	23861512.18	3854	2165	1
17	200	993983.65	3234	2165	1
17	201	185333.93	811	2165	1
17	202	202042.55	2010	2165	1
17	203	190110.80	2209	2165	1
17	204	176456.70	1055	2165	1
17	205	355529.79	1654	2165	1
17	206	611258.03	2892	2165	1
17	207	373223.11	2932	2165	1
17	208	525828.81	3896	2165	1
17	209	63036946.88	10620	2165	1
17	210	747096.21	2333	2165	1
17	211	1824598.29	5441	2165	1
17	212	19143480.54	3735	2165	1
17	213	647295555.53	335	2165	1
17	214	220757017.93	3446	2165	1
17	215	84591493.70	2200	2165	1
17	216	173878584.12	528	2165	1
17	217	284841037.90	2794	2165	1
17	218	23607295.00	1064	2165	1
17	219	86561773.16	1794	2165	1
17	220	16873686.65	1336	2165	1
17	221	401255649.10	3557	2165	1
17	222	51934645.96	1204	2165	1
17	223	41530459.54	4523	2165	1
17	224	45347009.66	1990	2165	1
17	225	23269636.63	1862	2165	1
17	226	40039941.20	791	2165	1
17	227	78550123.58	403	2165	1
17	228	63290600.78	760	2165	1
17	229	113987778.02	1366	2165	1
17	230	133805364.56	1851	2165	1
17	231	52515557.96	1454	2165	1
17	232	395390921.14	1797	2165	1
17	233	89790013.06	1495	2165	1
18	234	496334.51	1548	2166	5
18	235	710670.86	1825	2166	5
18	236	75670237.30	1393	2166	5
18	237	43009648.64	2892	2166	5
18	238	31796654.91	2621	2166	5
19	2126	601359.10	2922	2167	1
19	2127	927935.43	3014	2167	1
19	239	1808776.90	7160	2167	1
19	240	314941.96	2284	2167	1
19	241	127036.36	884	2167	1
19	242	5007206.53	5007	2167	1
19	243	276812.81	2192	2167	1
19	244	1915270.99	7721	2167	1
19	245	172277.95	1347	2167	1
19	246	132132.20	1060	2167	1
19	247	243070.84	924	2167	1
19	248	719283.81	3740	2167	1
19	249	1020105.29	4597	2167	1
19	250	320435.49	1518	2167	1
19	251	272378.14	1231	2167	1
19	252	156778.94	440	2167	1
19	253	168044.08	696	2167	1
19	254	183490.54	1554	2167	1
19	255	1799003.61	4600	2167	1
19	256	2256018.39	4313	2167	1
19	257	346124.62	2647	2167	1
19	258	187226.82	979	2167	1
19	259	828821.80	3266	2167	1
19	260	32719118.41	14839	2167	1
19	262	1013820.83	4976	2167	1
19	263	830295.01	4135	2167	1
19	264	9364160.34	8902	2167	1
19	265	567974.99	4127	2167	1
19	266	7888172.20	11125	2167	1
19	267	945567.53	2618	2167	1
19	268	37511813.82	2066	2167	1
19	269	54353427.33	926	2167	1
19	270	78042117.69	2700	2167	1
19	271	69613995.28	2119	2167	1
19	272	42791537.58	1272	2167	1
19	273	77768312.28	2339	2167	1
19	274	19752022.17	1017	2167	1
19	275	67179196.20	2606	2167	1
19	276	37450356.87	1466	2167	1
19	277	30142661.78	2387	2167	1
19	278	24978369.16	895	2167	1
19	279	29291843.35	3164	2167	1
19	280	20592405.75	2367	2167	1
19	281	1793097.78	844	2167	1
19	282	3442601.96	2240	2167	1
19	283	10686086.27	2630	2167	1
19	284	34372494.93	3074	2167	1
19	285	12556542.28	1441	2167	1
19	286	7187347.32	2812	2167	1
19	287	22744842.30	1941	2167	1
19	288	25425677.18	1785	2167	1
19	289	51509190.13	4410	2167	1
19	290	45799570.65	2940	2167	1
19	291	99318438.09	2025	2167	1
19	292	1950131.32	1564	2167	1
2	10	182638.74	1638	2152	1
2	11	306070.02	1954	2152	1
2	12	671724.29	1287	2152	1
2	13	925385.78	1155	2152	1
2	14	82164007.80	1363	2152	1
2	18	20334244.21	484	2152	1
2	19	130175237.85	3415	2152	1
2	7	837897.63	3641	2152	1
2	8	562656.60	1653	2152	1
2	9	74784000.41	4604	2152	1
20	293	48550441.69	2914	2168	1
20	294	24798617.47	2293	2168	1
20	295	8752847.76	1438	2168	1
20	296	1345414.11	1798	2168	1
20	297	178189542.56	471	2168	1
20	298	72143797.67	2139	2168	1
20	299	12797082.69	4099	2168	1
20	300	75460584.52	3354	2168	1
20	301	16448630.77	2358	2168	1
20	302	27112593.60	2068	2168	1
20	303	113318945.53	1043	2168	1
20	304	282815334.69	348	2168	1
20	305	43951011.92	1172	2168	1
20	306	110176914.04	1353	2168	1
20	307	110455747.24	1914	2168	1
20	308	82795731.79	2377	2168	1
20	309	127739436.40	1081	2168	1
20	310	129435231.50	2159	2168	1
20	311	147953358.09	3156	2168	1
20	312	95243441.34	2848	2168	1
20	313	127249477.69	1663	2168	1
20	314	329577489.06	2513	2168	1
20	315	202809418.56	2706	2168	1
20	316	185830751.55	2855	2168	1
21	317	564108.23	1371	2169	5
21	318	790940.24	2142	2169	5
21	319	423605.36	1294	2169	5
21	320	778559.36	1834	2169	5
21	321	47550135.70	2515	2169	5
21	322	14677696.33	1231	2169	5
21	323	18023228.85	804	2169	5
21	324	1892312.86	903	2169	5
21	325	8973108.78	1495	2169	5
21	326	2202418.92	1598	2169	5
21	327	16686605.25	1064	2169	5
21	328	35608236.40	1938	2169	5
21	329	78115286.97	2205	2169	5
21	330	78207750.91	1807	2169	5
22	331	758323.42	1430	2170	5
22	332	43300557.70	5782	2170	5
22	333	38316491.26	4801	2170	5
22	334	66555429.17	5236	2170	5
22	335	43346219.95	5238	2170	5
23	2091	7307320.96	1767	2171	5
23	2092	1610302.77	0	2171	5
23	2093	864417.93	1900	2171	5
23	336	504813.68	1312	2171	5
23	337	884007.24	1880	2171	5
23	338	29318872.90	2683	2171	5
23	339	8879071.72	3587	2171	5
23	340	15941661.74	3391	2171	5
23	341	3461746.67	2094	2171	5
23	342	9520538.41	2658	2171	5
23	343	3351229.43	2304	2171	5
23	344	7714781.56	3858	2171	5
23	345	8054362.26	1310	2171	5
23	346	7886863.29	4316	2171	5
23	347	13773394.57	2980	2171	5
23	348	6965893.66	694	2171	5
23	349	6345060.50	2630	2171	5
23	350	10489990.51	2395	2171	5
23	351	3829775.26	3646	2171	5
23	352	7848006.84	1980	2171	5
23	353	7496935.68	1403	2171	5
23	354	3957509.73	816	2171	5
23	355	9424476.54	2273	2171	5
23	356	20747346.59	3226	2171	5
23	357	14832758.78	2941	2171	5
23	359	7595708.88	3316	2171	5
23	360	13794930.73	3665	2171	5
23	361	6187436.84	1429	2171	5
23	362	7522342.79	2713	2171	5
23	363	25924681.24	3528	2171	5
23	364	11782411.01	2703	2171	5
23	365	13968476.79	2396	2171	5
23	366	4011092.71	1943	2171	5
23	367	12208330.67	3801	2171	5
23	368	6602041.37	4120	2171	5
23	369	3869266.25	1959	2171	5
23	370	6118260.62	4324	2171	5
23	371	1893779.07	2116	2171	5
23	372	1754193.25	1058	2171	5
23	373	8914633.40	3202	2171	5
23	374	7512927.61	1707	2171	5
24	375	8141167.46	3595	2172	5
24	376	718525.96	2320	2172	5
24	377	16747589.19	1775	2172	5
24	378	1097539.21	1358	2172	5
24	379	127669923.26	1102	2172	5
24	380	242223657.10	3481	2172	5
25	381	1389170.89	3404	2173	5
25	382	91664030.02	1437	2173	5
25	383	74907750.42	1832	2173	5
26	2056	8500249.72	592	2174	5
26	2057	10814322.11	2318	2174	5
26	2058	4630891.14	1085	2174	5
26	384	916785.38	2990	2174	5
26	385	15860998.19	512	2174	5
26	386	10998891.10	2474	2174	5
26	387	11605448.59	2107	2174	5
26	388	15036360.48	3484	2174	5
26	389	19963707.84	4317	2174	5
26	390	12282009.39	2218	2174	5
26	391	17155575.64	2291	2174	5
26	392	8411857.29	2718	2174	5
26	394	10417295.66	2905	2174	5
26	395	15377925.13	2268	2174	5
26	396	22324917.20	3241	2174	5
26	397	10057072.71	3320	2174	5
26	400	15496065.04	3436	2174	5
26	401	22265089.47	3717	2174	5
27	2104	17058711.70	4186	2175	1
27	2105	55029423.64	3270	2175	1
27	2106	3845845.56	3500	2175	1
27	2107	546385.42	6303	2175	1
27	2108	9965777.50	3700	2175	1
27	402	2647953.30	17291	2175	1
27	403	3033842.01	4780	2175	1
27	404	4036239.37	9536	2175	1
27	405	4334638.62	5491	2175	1
27	406	274963.34	1901	2175	1
27	407	234142.08	2766	2175	1
27	408	163317.87	1361	2175	1
27	409	567290.46	1267	2175	1
27	410	194341.98	1431	2175	1
27	411	722719.37	3031	2175	1
27	412	223293.23	2430	2175	1
27	413	37477976.38	4874	2175	1
27	414	72788539.40	3316	2175	1
27	417	25482632.14	3726	2175	1
27	418	69032013.62	1534	2175	1
27	419	6351408.17	2065	2175	1
27	420	10923779.83	1525	2175	1
27	421	11204303.60	1188	2175	1
27	422	22978617.58	1451	2175	1
27	423	21295224.22	1724	2175	1
27	424	25327913.82	2188	2175	1
27	425	23779113.60	3005	2175	1
27	426	15204374.62	2065	2175	1
27	427	49367562.06	1436	2175	1
27	428	33284603.19	1637	2175	1
27	429	13174076.26	2066	2175	1
27	430	39184633.30	1464	2175	1
27	431	881181.64	2153	2175	1
27	432	204336158.79	2481	2175	1
28	433	700356.25	1926	2176	1
28	434	11462295.62	3177	2176	1
28	435	41273438.98	1030	2176	1
29	436	8037831.19	2048	2177	1
29	437	58958357.72	2351	2177	1
29	438	56082563.78	1003	2177	1
3	21	16595407.35	2028	2153	1
3	22	8329623.21	1958	2153	1
3	23	572876.71	1441	2153	1
3	24	10342689.21	2399	2153	1
3	25	42356479.22	2443	2153	1
3	26	19330754.49	2506	2153	1
3	27	43774130.10	2164	2153	1
3	28	101311957.56	3175	2153	1
3	29	17619684.18	1455	2153	1
3	30	34283374.48	1783	2153	1
3	31	24685590.49	1778	2153	1
3	32	113161385.10	1125	2153	1
3	33	100958114.28	777	2153	1
3	34	27630249.09	2861	2153	1
30	439	8000586.68	2302	2178	1
30	440	2381194.03	2381	2178	1
30	441	10507161.92	3096	2178	1
30	442	54724754.23	1986	2178	1
30	443	41433084.03	708	2178	1
30	444	88250061.41	3501	2178	1
30	445	62220229.93	1842	2178	1
30	446	125297010.90	2155	2178	1
30	447	229395675.66	3091	2178	1
30	448	74710813.66	2411	2178	1
30	449	74996842.18	2997	2178	1
30	450	34505023.38	1981	2178	1
30	451	19207309.77	2044	2178	1
30	452	24611114.60	1993	2178	1
30	453	23754485.09	1371	2178	1
30	454	43887925.61	1783	2178	1
30	455	56106521.88	1431	2178	1
31	2059	6311199.95	562	2179	3
31	2060	26591006.03	4391	2179	3
31	2061	7040672.19	1800	2179	3
31	2062	29552471.36	1418	2179	3
31	2063	13007579.69	1724	2179	3
31	2064	19529150.54	2103	2179	3
31	2065	51025956.61	6114	2179	3
31	2066	7483156.84	1288	2179	3
31	2067	19712463.11	1377	2179	3
31	2068	16556633.69	433	2179	3
31	2069	31353820.35	1085	2179	3
31	2070	24584413.83	2467	2179	3
31	2071	52976287.47	3239	2179	3
31	2072	12942345.42	1821	2179	3
31	2073	5037724.59	1362	2179	3
31	2074	12970831.96	2788	2179	3
31	2075	27583915.29	3949	2179	3
31	456	828892.90	3467	2179	3
31	457	818752.27	3264	2179	3
31	458	14355639.00	3850	2179	3
31	459	16226857.54	3644	2179	3
31	460	25162493.75	2379	2179	3
31	461	64897670.46	3730	2179	3
31	463	44710712.08	4495	2179	3
31	464	44979849.09	4460	2179	3
31	465	116024202.19	3772	2179	3
31	466	174296026.75	3613	2179	3
31	467	72923245.39	2694	2179	3
31	468	110439456.88	2719	2179	3
31	469	82415914.24	2939	2179	3
31	470	68362171.05	3243	2179	3
31	472	52929976.73	2744	2179	3
31	473	51361781.52	5363	2179	3
31	474	28363764.83	1593	2179	3
31	475	32430879.38	3507	2179	3
31	476	17428036.71	4860	2179	3
31	477	26046387.14	5895	2179	3
31	479	32967651.42	3027	2179	3
31	480	60196528.97	2995	2179	3
31	483	38466203.85	3264	2179	3
31	484	1593027.29	2599	2179	3
31	485	1010697.20	2896	2179	3
31	487	47446943.35	6617	2179	3
31	488	40413886.15	4489	2179	3
32	2122	3314608.36	2637	2180	1
32	2123	9436593.64	2750	2180	1
32	2146	12146008.63	582	2180	1
32	489	13306060.42	2501	2180	1
32	490	1356664.03	1767	2180	1
32	492	95637680.34	1149	2180	1
32	493	63823414.16	1063	2180	1
32	494	29077961.27	1122	2180	1
32	495	23453426.13	1218	2180	1
32	496	24366306.20	1888	2180	1
32	497	31554371.86	3401	2180	1
32	498	11424173.63	2761	2180	1
32	499	24928079.57	2114	2180	1
32	500	38615087.68	2863	2180	1
32	501	419994.91	1594	2180	1
33	502	134422139.15	4604	2181	5
33	503	89866827.85	1914	2181	5
34	2128	1059070.41	3786	2182	1
34	2129	4281913.52	1777	2182	1
34	2130	1545008.92	2166	2182	1
34	504	17670929.58	6045	2182	1
34	505	21401303.10	10036	2182	1
34	506	28119361.84	6831	2182	1
34	508	1263611.36	4759	2182	1
34	509	36172110.78	1448	2182	1
34	510	58695461.42	887	2182	1
34	511	1822327.58	2486	2182	1
34	512	20004939.84	2369	2182	1
34	513	6970139.17	1540	2182	1
34	514	47831490.23	3475	2182	1
34	515	31909400.31	854	2182	1
34	516	53037022.35	1495	2182	1
34	517	22675318.40	2048	2182	1
34	518	102375589.09	1588	2182	1
34	519	70909362.92	204	2182	1
34	520	37543279.43	3544	2182	1
34	521	3973509.54	2418	2182	1
34	522	39479041.67	1213	2182	1
34	523	20545698.36	1429	2182	1
34	524	34823232.86	1677	2182	1
34	525	18684973.86	1872	2182	1
34	526	14335264.46	2033	2182	1
34	527	6213014.90	1857	2182	1
34	528	25854173.44	1226	2182	1
34	529	19809480.54	3971	2182	1
34	530	27686594.88	4434	2182	1
34	531	8210924.87	1811	2182	1
35	2139	9074191.45	1831	2183	2
35	2140	24789082.28	758	2183	2
35	2141	604432.44	1881	2183	2
35	533	14956218.54	2744	2183	2
35	534	33901748.33	1541	2183	2
35	535	17818889.90	2866	2183	2
35	536	5935521.95	3084	2183	2
36	537	22372642.14	3524	2184	1
36	538	11879694.43	1834	2184	1
36	539	20929202.04	2282	2184	1
37	540	12901318.03	3661	2185	1
37	541	580370.36	2161	2185	1
37	542	19334428.77	2234	2185	1
37	543	8285812.98	2913	2185	1
37	544	16231066.17	1287	2185	1
37	545	19222929.51	2238	2185	1
37	546	15992315.60	2868	2185	1
37	547	60747534.97	2316	2185	1
37	548	13129823.46	3580	2185	1
37	549	17386395.00	877	2185	1
37	550	14997948.66	670	2185	1
37	551	16414020.97	991	2185	1
37	552	41471613.07	3040	2185	1
37	553	609533.36	2694	2185	1
37	554	50054087.78	3772	2185	1
37	555	579679.40	1110	2185	1
38	556	546578.46	2856	2186	5
38	557	32318380.86	2725	2186	5
38	558	42199219.68	3319	2186	5
38	559	27228034.74	2847	2186	5
38	560	28224557.05	3633	2186	5
38	561	30279273.28	3050	2186	5
38	562	39360702.74	2348	2186	5
38	563	48719773.55	2711	2186	5
38	564	11844309.57	1156	2186	5
38	565	50721793.51	3067	2186	5
39	566	16780612.85	2252	2187	5
39	567	844247.75	997	2187	5
39	568	20034957.64	2238	2187	5
39	569	20956774.17	1089	2187	5
39	570	30687334.30	1975	2187	5
39	571	35396925.00	2838	2187	5
39	572	39097935.83	1854	2187	5
39	573	31825972.94	1939	2187	5
39	574	69042658.63	3332	2187	5
39	575	22437674.04	2833	2187	5
39	576	37742218.12	2972	2187	5
4	35	10725962.34	4447	2154	5
4	36	84635778.54	3378	2154	5
4	37	63288534.56	5446	2154	5
4	38	124841879.29	2329	2154	5
4	39	111929125.62	3217	2154	5
4	40	162894463.73	4517	2154	5
4	41	198693344.97	4446	2154	5
4	42	101949827.58	5001	2154	5
4	43	135389834.70	3977	2154	5
40	577	6740559.10	3489	2188	1
40	578	1221346.55	2799	2188	1
40	579	409116.03	1512	2188	1
40	580	290432.72	1256	2188	1
40	581	21157036.26	4393	2188	1
40	582	211766.61	832	2188	1
40	583	186610.03	999	2188	1
40	584	366331.12	1797	2188	1
40	585	220545.97	1067	2188	1
40	586	288205.41	2152	2188	1
40	587	12646266.07	5148	2188	1
40	588	191777.41	664	2188	1
40	589	1420908.58	3403	2188	1
40	590	9254596.22	4280	2188	1
40	591	16399010.86	1399	2188	1
40	592	28782620.11	861	2188	1
40	593	26516258.66	1484	2188	1
40	594	30869624.07	2334	2188	1
40	595	11364891.21	2637	2188	1
40	596	17323957.59	1846	2188	1
40	597	2023823.93	1443	2188	1
40	598	47007433.07	2842	2188	1
40	599	55205257.76	2868	2188	1
40	600	23287163.27	1288	2188	1
40	601	83638700.60	659	2188	1
41	2135	116970977.37	2469	2189	1
41	2136	29833598.16	3755	2189	1
41	602	51696404.69	5007	2189	1
41	603	1170362.56	1088	2189	1
41	604	39499307.99	3587	2189	1
41	605	57963304.58	3118	2189	1
41	606	62964267.43	2662	2189	1
41	607	22101508.98	2719	2189	1
41	609	58586001.74	3344	2189	1
41	610	20796509.15	3579	2189	1
41	611	15488777.44	1729	2189	1
41	612	877283.65	2871	2189	1
41	613	51499931.84	3344	2189	1
41	614	927938.60	2025	2189	1
41	615	1403292.67	2934	2189	1
41	616	1335286.45	2520	2189	1
42	617	7024969.30	1758	2190	5
42	618	14884532.14	3834	2190	5
42	619	21581548.61	2790	2190	5
42	620	41611090.38	3239	2190	5
43	621	780622.25	2160	2191	5
43	622	954667.10	3027	2191	5
43	623	33702161.38	1769	2191	5
43	624	32474193.96	1177	2191	5
43	625	20141535.31	726	2191	5
43	626	42959860.84	2194	2191	5
44	627	746132.98	2060	2192	1
44	628	1422766.02	3058	2192	1
44	629	45094597.25	4045	2192	1
44	630	22714957.99	2630	2192	1
44	631	29366658.23	3394	2192	1
44	632	27714050.73	3135	2192	1
44	633	47330636.29	3614	2192	1
44	634	49341821.40	3324	2192	1
44	635	26606744.51	2925	2192	1
45	636	25737600.88	2865	2193	5
45	637	50575027.68	3560	2193	5
46	638	30038079.49	1772	2194	1
46	639	717480.35	2908	2194	1
46	640	536862.62	1603	2194	1
46	641	704646.91	2815	2194	1
46	642	33212773.25	2773	2194	1
46	643	114496584.10	2859	2194	1
46	644	109787562.03	3041	2194	1
46	645	43259600.71	646	2194	1
46	646	39338882.96	853	2194	1
46	647	92002286.82	1772	2194	1
46	648	68158910.23	1180	2194	1
46	649	97742642.15	1572	2194	1
46	650	21351075.90	1366	2194	1
46	651	43177570.87	2245	2194	1
46	652	91080976.22	2354	2194	1
46	653	32138053.86	1388	2194	1
46	654	78422527.80	1472	2194	1
46	655	25692701.16	1018	2194	1
46	656	123692908.16	908	2194	1
46	657	18546150.22	1267	2194	1
46	658	29478857.02	2253	2194	1
46	659	35022253.94	1107	2194	1
46	660	56706969.46	1484	2194	1
46	661	172634596.12	1378	2194	1
47	662	55175889.78	4160	2195	5
47	663	958556.48	3744	2195	5
47	664	95335663.16	4660	2195	5
47	665	14647437.83	2235	2195	5
47	666	12625602.41	2870	2195	5
47	667	27491305.06	5154	2195	5
47	668	22054047.58	2234	2195	5
48	669	669532.37	1434	2212	5
48	670	11407876.95	1490	2212	5
48	671	953264.55	1955	2212	5
48	672	89814964.35	1710	2212	5
48	673	90298356.98	1285	2212	5
48	674	123696706.81	2652	2212	5
48	675	95002059.31	486	2212	5
48	676	57972989.87	3788	2212	5
48	677	74895227.97	1725	2212	5
48	678	88324299.90	1492	2212	5
48	679	10880481.42	1221	2212	5
48	680	38927601.93	1304	2212	5
48	681	28002563.17	1377	2212	5
49	682	927930.19	3589	2196	5
49	683	26743085.20	1611	2196	5
49	684	22111681.18	3524	2196	5
49	686	17548838.83	3804	2196	5
49	687	11850835.19	2965	2196	5
49	688	12243711.92	2802	2196	5
49	689	27775713.20	4832	2196	5
49	690	9290452.08	3058	2196	5
49	691	13932974.75	2725	2196	5
5	44	992220.65	3527	2155	5
5	45	17962103.70	1445	2155	5
5	46	41564193.72	1058	2155	5
5	47	32549893.44	994	2155	5
5	48	34426500.58	3360	2155	5
5	49	25819042.46	1611	2155	5
5	50	89893941.01	5090	2155	5
5	51	25856307.06	1975	2155	5
5	52	35765967.38	2730	2155	5
5	53	14958150.78	2841	2155	5
50	692	12463044.87	554	2209	5
50	693	1003297.19	1663	2209	5
50	694	43958955.22	1006	2209	5
50	695	193132380.23	1012	2209	5
50	696	154196935.56	869	2209	5
51	2124	3445716.56	3172	2197	1
51	2125	933178.68	2656	2197	1
51	698	1845955.35	2426	2197	1
51	699	495108.45	1545	2197	1
51	700	595647.93	2606	2197	1
51	701	32368239.39	2384	2197	1
51	702	652883.77	1499	2197	1
51	703	4719915.87	1783	2197	1
51	704	778278.91	1686	2197	1
51	705	144305608.20	2291	2197	1
51	706	335380828.23	3174	2197	1
51	707	24308255.04	711	2197	1
51	708	6398407.78	1526	2197	1
51	709	43819765.46	1491	2197	1
51	710	135032869.44	1556	2197	1
51	711	33766469.32	422	2197	1
51	712	25714699.12	2025	2197	1
51	713	97420589.32	2969	2197	1
51	714	45073347.97	3068	2197	1
51	715	43388204.52	2013	2197	1
51	716	131996403.59	1828	2197	1
51	717	56622713.20	3057	2197	1
52	2137	42301285.12	3804	2198	5
52	2138	34726326.76	2183	2198	5
52	718	2277459.67	3666	2198	5
52	719	1868929.19	3964	2198	5
52	720	2059546.25	6047	2198	5
52	721	1070249.67	4119	2198	5
52	722	981755.75	4816	2198	5
52	723	136821030.35	4103	2198	5
52	724	69235021.30	3864	2198	5
52	725	99153239.88	4178	2198	5
52	726	130804377.54	3723	2198	5
52	727	190666267.44	2488	2198	5
52	728	115439947.64	2669	2198	5
52	729	69406595.23	4619	2198	5
52	730	250105709.39	4195	2198	5
52	731	154459431.65	4403	2198	5
52	732	91590128.22	5067	2198	5
52	734	126293999.25	2917	2198	5
52	735	24116597.91	2933	2198	5
52	736	47450312.55	4236	2198	5
52	737	129338935.49	4213	2198	5
52	738	103890737.24	2868	2198	5
52	739	26065944.95	4217	2198	5
52	740	56277663.95	4056	2198	5
52	741	35925751.60	4123	2198	5
52	742	112163626.37	3645	2198	5
52	743	76813798.88	3801	2198	5
52	744	156364179.72	5873	2198	5
52	745	177231888.17	3865	2198	5
52	746	93763071.06	1803	2198	5
52	749	74238618.72	3195	2198	5
52	750	106333480.06	2711	2198	5
52	751	83407140.05	4367	2198	5
52	752	39696998.32	3195	2198	5
52	753	43925214.49	2404	2198	5
52	754	31442093.56	1975	2198	5
52	755	26545612.62	1342	2198	5
52	759	66235121.05	2471	2198	5
53	760	19417908.54	2559	2199	1
53	761	21230684.25	1012	2199	1
53	762	25773444.02	1785	2199	1
53	763	23444330.49	1237	2199	1
53	764	21253383.97	1362	2199	1
54	765	2544709.79	3020	2200	1
54	766	9614681.84	3709	2200	1
54	767	22027153.50	3412	2200	1
54	768	69089819.31	678	2200	1
54	769	23410323.74	1230	2200	1
54	770	22176182.08	1830	2200	1
54	771	19550520.41	1744	2200	1
54	772	41203997.81	2175	2200	1
54	773	1084952.15	2204	2200	1
54	774	26575080.46	2281	2200	1
54	775	42825536.59	1386	2200	1
54	776	30503916.18	1302	2200	1
54	777	26242680.94	1386	2200	1
54	778	12680437.27	1097	2200	1
54	779	42592342.92	1037	2200	1
55	780	12726762.54	4153	2201	2
55	781	16635957.42	2426	2201	2
56	782	3309825.07	1705	2202	5
56	783	11635728.04	2856	2202	5
56	784	9853876.83	4256	2202	5
56	785	14324718.01	4964	2202	5
56	786	4528906.47	2557	2202	5
57	2144	595331.38	4982	2203	1
57	2145	232265.65	2131	2203	1
57	787	11383996.29	7536	2203	1
57	788	209871.09	1463	2203	1
57	790	3977591.76	2732	2203	1
57	791	14305070.40	2650	2203	1
57	792	674546.02	1264	2203	1
57	793	985572.92	5911	2203	1
57	794	13918337.39	3600	2203	1
57	795	51057685.09	1856	2203	1
57	796	14825409.38	1363	2203	1
57	797	45412240.85	4136	2203	1
57	798	26905980.65	1924	2203	1
57	799	23793884.59	1828	2203	1
57	800	14620644.84	602	2203	1
57	801	21909273.06	1886	2203	1
57	802	22138678.77	2387	2203	1
57	803	18014430.01	1201	2203	1
57	804	32899586.28	1360	2203	1
57	805	21331638.85	1826	2203	1
57	806	32830880.11	6880	2203	1
57	807	12177499.29	1032	2203	1
57	808	51382503.63	3428	2203	1
57	809	31189280.44	4198	2203	1
57	810	22438956.06	2733	2203	1
57	811	17796911.62	1749	2203	1
57	812	27019385.09	2846	2203	1
57	813	38824290.90	1613	2203	1
58	814	37057261.61	4765	814	5
59	2076	34269292.88	746	2076	3
59	2077	32905112.30	1058	2077	3
59	2078	26001268.26	441	2078	3
59	2079	51654587.77	1516	2079	3
59	2080	36551391.24	1292	2080	3
59	2081	161106417.52	607	2081	3
59	2082	7779253.06	4494	2082	3
59	2083	155058711.24	900	2083	3
59	815	1101022.40	3385	815	3
59	816	2142787.06	12469	816	3
59	817	355152.23	3116	817	3
59	818	717032.55	6089	818	3
59	819	1129743.31	5578	819	3
59	820	3128404.84	13261	820	3
59	821	22703032.26	535	821	3
59	822	22794195.73	1906	822	3
59	823	37684965.66	2039	823	3
59	824	19120529.92	1203	824	3
59	825	119896286.87	2687	825	3
59	827	44460261.62	2447	827	3
59	828	148428498.56	2021	828	3
59	829	114550905.40	3237	829	3
59	830	100821313.22	2861	830	3
59	831	123616303.04	2630	831	3
59	832	83025400.31	2972	832	3
59	833	71165584.52	5110	833	3
59	834	61358110.08	4012	834	3
59	835	114853201.39	11872	835	3
59	836	31256540.81	3454	836	3
59	837	27728962.83	1535	837	3
59	838	78387582.52	1973	838	3
59	839	1539022.93	4601	839	3
59	840	80493059.95	4066	840	3
59	841	48076196.74	2734	841	3
59	842	91375652.63	10838	842	3
59	843	35358310.43	8331	843	3
59	844	68295702.36	3953	844	3
59	845	88432301.53	4437	845	3
59	846	96978037.98	4306	846	3
59	847	106629266.96	3262	847	3
59	848	99462218.24	5656	848	3
59	849	353214644.58	5077	849	3
59	850	177352913.44	4002	850	3
59	851	331828567.01	1332	851	3
59	852	961520256.27	492	852	3
59	853	1341598.58	3764	853	3
59	854	99757573.05	3673	854	3
59	856	110600389.54	3829	856	3
59	857	147447028.71	5846	857	3
59	858	153072583.36	3585	858	3
59	859	195401359.24	5128	859	3
59	860	98921751.85	4887	860	3
59	861	73522987.73	4342	861	3
59	862	200071986.86	5107	862	3
59	863	173109597.42	3336	863	3
59	864	418153938.21	5179	864	3
59	865	1075142846.35	3919	2265	3
59	866	1119642.86	2405	2265	3
59	870	510591054.55	6227	870	3
59	871	64299072.97	3380	871	3
59	872	1290143817.73	2172	872	3
59	881	557189554.05	1439	881	3
6	54	25853722.76	2928	2156	1
6	55	23104703.74	2320	2156	1
6	56	20418904.91	1899	2156	1
6	57	2051743.92	2404	2156	1
6	58	9480536.14	562	2156	1
6	59	17441406.31	2077	2156	1
6	60	1175436.65	1722	2156	1
6	61	4468138.01	2418	2156	1
6	62	4766438.74	1618	2156	1
6	63	9086459.68	922	2156	1
6	64	28445799.80	3285	2156	1
6	65	44616815.58	3384	2156	1
6	66	19040367.26	3657	2156	1
6	67	31371612.21	2487	2156	1
60	882	25678820.59	5608	2204	5
60	883	664906.98	3480	2204	5
60	884	32941037.45	5084	2204	5
61	2109	6677282.71	765	2205	1
61	2110	28700250.57	1590	2205	1
61	2111	59941853.11	2571	2205	1
61	2112	42071347.86	1369	2205	1
61	885	29697168.80	5722	2205	1
61	886	147601.71	2011	2205	1
61	887	8233903.49	7045	2205	1
61	888	288831.90	3310	2205	1
61	889	229296.79	1990	2205	1
61	890	23641386.87	4673	2205	1
61	891	147921.00	1427	2205	1
61	892	16797884.71	4316	2205	1
61	893	346307.91	3220	2205	1
61	894	34244750.31	8376	2205	1
61	895	1429672.47	6400	2205	1
61	896	168368986.50	2139	2205	1
61	897	152567808.20	4033	2205	1
61	898	140221313.77	4020	2205	1
61	899	349332190.53	2467	2205	1
61	901	47974613.27	5996	2205	1
61	902	133000695.04	1088	2205	1
61	903	123105876.87	3763	2205	1
61	904	15031209.05	1369	2205	1
61	905	5876206.03	2439	2205	1
61	906	22259191.39	1673	2205	1
61	907	128557077.13	1823	2205	1
61	908	36636146.30	1275	2205	1
61	909	137113291.60	2910	2205	1
61	910	53928524.56	2123	2205	1
61	911	35510675.94	2015	2205	1
61	912	208982780.82	2417	2205	1
62	2084	20328770.23	2401	2206	5
62	2085	13543568.05	1748	2206	5
62	914	97246809.08	3693	2206	5
62	915	133111868.19	1349	2206	5
62	916	18558074.34	2826	2206	5
62	917	24490106.05	683	2206	5
62	918	34043090.51	2187	2206	5
62	919	49586967.85	1128	2206	5
62	920	149029430.60	1781	2206	5
62	921	68483867.75	768	2206	5
62	922	22563975.24	435	2206	5
63	923	41170107.99	2556	2207	1
63	924	50420576.57	1492	2207	1
64	925	1047116.69	3030	2208	5
64	926	1465524.97	5006	2208	5
64	927	5018918.86	2363	2208	5
64	928	3219590.53	1843	2208	5
64	929	23273203.54	3342	2208	5
64	930	22219534.49	2699	2208	5
64	931	29803796.72	1887	2208	5
64	932	14049582.77	3627	2208	5
64	933	6583733.35	530	2208	5
64	934	5960631.46	1219	2208	5
64	935	13754027.95	2060	2208	5
64	936	16704509.38	2198	2208	5
64	937	24702063.30	3976	2208	5
64	938	23436572.69	2803	2208	5
64	939	33425899.40	4350	2208	5
64	940	57276438.05	4569	2208	5
64	941	25151770.60	720	2208	5
64	942	63109990.27	2419	2208	5
64	943	34562773.00	2515	2208	5
65	2050	49080429.22	5810	2209	5
65	2051	7888998.28	1146	2209	5
65	2052	91425162.79	4673	2209	5
65	2053	90466506.61	1503	2209	5
65	944	154896268.67	4909	2209	5
65	945	8516585.02	10293	2209	5
65	946	1610063.25	2782	2209	5
65	947	5257084.15	15687	2209	5
65	948	546035.95	3008	2209	5
65	949	80496418.30	6682	2209	5
65	950	3036854.00	3714	2209	5
65	951	552236.60	4467	2209	5
65	953	96246904.88	3057	2209	5
65	954	111158082.57	2670	2209	5
65	955	155593280.34	1588	2209	5
65	956	209041910.59	2713	2209	5
65	957	157221145.96	2388	2209	5
65	958	65262834.83	2326	2209	5
65	959	72484617.35	1901	2209	5
65	960	124119750.26	3365	2209	5
65	961	47662993.61	1160	2209	5
65	962	80018849.12	3632	2209	5
65	963	53562737.60	3311	2209	5
65	964	157053993.93	4003	2209	5
65	965	140271986.00	4212	2209	5
65	966	99167338.10	989	2209	5
65	967	84060211.07	1125	2209	5
65	968	133093006.07	2849	2209	5
65	969	8901798.81	2360	2209	5
65	970	82380314.05	2825	2209	5
65	971	77666101.10	3558	2209	5
65	972	130854405.95	5306	2209	5
65	974	94664402.94	3285	2209	5
65	975	99091261.39	5462	2209	5
65	976	190204072.48	3016	2209	5
66	977	397712.43	709	2210	5
66	978	656058.68	3842	2210	5
66	979	22096235.48	4979	2210	5
66	980	39158329.96	2644	2210	5
66	981	10208875.89	2243	2210	5
66	982	49262265.62	6490	2210	5
66	983	37333742.88	2587	2210	5
66	984	41492976.95	5275	2210	5
67	985	12035795.32	3522	2211	5
67	986	33916577.34	1962	2211	5
67	987	30681803.68	1430	2211	5
67	988	22624208.05	916	2211	5
67	989	15676613.12	3517	2211	5
68	1000	51526809.37	1384	2212	5
68	1001	19813725.62	834	2212	5
68	1002	86235675.15	1067	2212	5
68	1003	54995144.71	1502	2212	5
68	1004	12904536.56	109	2212	5
68	1005	20520331.56	281	2212	5
68	1006	26708323.03	2552	2212	5
68	1007	63662213.94	1992	2212	5
68	990	759037.37	5080	2212	5
68	991	551534.85	971	2212	5
68	992	917239.01	2241	2212	5
68	993	255002.27	1240	2212	5
68	994	90284.32	622	2212	5
68	995	563982.12	4653	2212	5
68	996	35012779.66	1217	2212	5
68	997	71658534.70	2493	2212	5
68	998	51607643.49	1612	2212	5
68	999	35301325.25	1030	2212	5
69	1008	68879148.57	3681	2213	1
69	1009	322067.51	728	2213	1
69	1010	1164608.60	2979	2213	1
69	1011	251243336.83	2314	2213	1
69	1012	251530.75	1062	2213	1
69	1013	948782.18	1307	2213	1
69	1014	15476890.97	7825	2213	1
69	1015	124005350.61	720	2213	1
69	1016	1743629.36	1536	2213	1
69	1017	153531856.48	2348	2213	1
69	1018	138780323.37	2336	2213	1
69	1019	71441799.79	1603	2213	1
69	1020	44030253.84	1186	2213	1
69	1021	149327904.92	2575	2213	1
69	1022	72209925.74	1835	2213	1
69	1023	15426875.65	763	2213	1
69	1024	174746552.91	2362	2213	1
69	1025	50256265.06	1326	2213	1
69	1026	4963461.68	1414	2213	1
69	1027	29642785.26	734	2213	1
69	1028	87241602.14	2103	2213	1
69	1029	69651203.49	1403	2213	1
69	1030	55774358.82	1738	2213	1
69	1031	197924107.65	1498	2213	1
69	1032	65206772.68	2054	2213	1
69	1033	4386193.73	1586	2213	1
7	68	2459449.35	2734	2157	5
7	69	26640845.84	1816	2157	5
7	70	87139996.03	3513	2157	5
7	71	38211536.70	3194	2157	5
70	1034	27058190.71	4139	2214	1
70	1035	16801632.74	2103	2214	1
70	1036	13415198.80	2175	2214	1
70	1037	22720901.65	2117	2214	1
70	1038	20504323.16	2272	2214	1
71	1039	732803.07	3306	2215	5
71	1040	459847.73	1928	2215	5
71	1041	1006584.62	5840	2215	5
71	1042	34352714.42	3585	2215	5
71	1043	36569880.16	2676	2215	5
71	1044	25699601.41	1836	2215	5
71	1047	50641424.90	6707	2215	5
71	1048	21358835.79	3077	2215	5
72	1049	25251706.11	4002	2216	5
72	1050	550137.23	3123	2216	5
72	1051	32512083.42	3472	2216	5
73	1052	1446770.63	3261	2212	5
73	1053	193317.17	1246	2212	5
73	1054	115801.32	671	2212	5
73	1055	108369.91	912	2212	5
73	1056	181420.43	1204	2212	5
73	1058	159083.20	1562	2212	5
73	1059	145155.01	1413	2212	5
73	1060	435253.27	1759	2212	5
73	1061	634035.38	1804	2212	5
73	1062	1302538.22	4207	2212	5
73	1063	34643201.77	1555	2212	5
73	1064	43640798.10	2193	2212	5
73	1065	48653211.43	4044	2212	5
73	1066	5766418.34	2312	2212	5
73	1067	100802575.38	1812	2212	5
73	1068	77068359.71	923	2212	5
73	1069	88842925.07	2800	2212	5
73	2086	1724230.33	4493	2212	5
73	2087	1492585.95	3687	2212	5
73	2088	529204.28	2939	2212	5
74	1070	981464.24	2026	2217	1
74	1071	72244328.87	3236	2217	1
74	1072	339191.13	1371	2217	1
74	1073	194406.75	1360	2217	1
74	1074	221990.47	1320	2217	1
74	1075	124585.38	998	2217	1
74	1076	1128027.49	4639	2217	1
74	1077	132226.69	1010	2217	1
74	1078	1636296.99	4678	2217	1
74	1079	54233194.65	3368	2217	1
74	1080	74588288.51	2693	2217	1
74	1081	36255441.95	2082	2217	1
75	1082	701684.72	3177	2218	5
75	1083	18447727.51	2965	2218	5
75	1084	43028717.23	3513	2218	5
75	1085	47608800.68	3044	2218	5
75	1086	22834832.33	2665	2218	5
75	1087	22769352.65	4153	2218	5
75	1088	43327782.16	4102	2218	5
75	1089	20689764.88	2611	2218	5
75	1090	13067887.18	2477	2218	5
75	1091	13606031.39	1810	2218	5
76	1092	1844363.08	3720	2219	5
76	1093	581523.21	1268	2219	5
76	1094	85248684.01	1811	2219	5
76	1095	96212660.69	1514	2219	5
76	1096	91265821.29	3228	2219	5
76	1097	61272972.77	2352	2219	5
76	1098	161276560.10	4438	2219	5
76	1099	56510019.99	2579	2219	5
76	1100	77701371.70	4449	2219	5
76	1101	52179580.11	1875	2219	5
76	1102	65247399.57	3200	2219	5
76	1103	65700759.10	3490	2219	5
76	1104	15212894.55	2422	2219	5
76	1105	85176570.13	2346	2219	5
76	1106	34004385.43	3562	2219	5
76	1107	80001011.79	3044	2219	5
76	1108	20217315.11	3392	2219	5
76	1109	47909640.69	2807	2219	5
76	1110	24370976.23	1923	2219	5
76	1111	44337906.06	5322	2219	5
76	1112	82633238.45	4222	2219	5
77	1113	2113794.49	6052	2220	4
77	1114	1857361.63	20033	2220	4
77	1116	825811.23	7112	2220	4
77	1117	546087.82	4378	2220	4
77	1118	617060.39	1206	2220	4
77	1119	1361446.03	5739	2220	4
77	1120	824886.79	7505	2220	4
77	1121	753744.12	6096	2220	4
77	1122	271794.55	1709	2220	4
77	1123	179967.76	799	2220	4
77	1124	250836.35	2475	2220	4
77	1125	433780.06	4242	2220	4
77	1126	329414.13	3174	2220	4
77	1127	434827.31	3107	2220	4
77	1129	651766.49	3179	2220	4
77	1130	5980568.18	3312	2220	4
77	1131	2879386.70	8728	2220	4
77	1132	394160.38	1390	2220	4
77	1133	206227.03	1113	2220	4
77	1134	199339.75	848	2220	4
77	1135	198185.80	2200	2220	4
77	1136	759249.81	3132	2220	4
77	1137	224890.03	2611	2220	4
77	1138	137696.54	812	2220	4
77	1139	147048.91	517	2220	4
77	1140	242194.01	452	2220	4
77	1141	256840.98	1234	2220	4
77	1142	621635.64	2797	2220	4
77	1143	790671.82	6209	2220	4
77	1144	569818.62	5054	2220	4
77	1145	345808.34	1818	2220	4
77	1146	238089.61	1223	2220	4
77	1147	136661.19	1536	2220	4
77	1148	1003069.12	4919	2220	4
77	1149	1160193.11	4249	2220	4
77	1150	1106315.19	6955	2220	4
77	1151	1344973.84	8898	2220	4
77	1152	13254434.92	8794	2220	4
77	1153	13879101.21	3584	2220	4
77	1154	4703000.15	1494	2220	4
77	1155	21003829.92	3137	2220	4
77	1156	24382720.08	3383	2220	4
77	1157	36920750.75	20930	2220	4
77	1158	39048532.11	3695	2220	4
77	1159	90741649.41	2289	2220	4
77	1160	69807089.58	3055	2220	4
77	1161	7366428.89	863	2220	4
77	1162	2813132.07	115	2220	4
77	1163	13004217.03	1671	2220	4
77	2094	1466998.63	3081	2220	4
77	2095	3872471.03	2213	2220	4
77	2096	272562.97	3642	2220	4
77	2097	383567.07	3124	2220	4
77	2098	222228.38	2036	2220	4
78	1165	414318.26	4148	2221	1
78	1166	293138.81	2353	2221	1
78	1167	516550.95	2863	2221	1
78	1168	22316298.04	4840	2221	1
78	1169	38677697.14	1368	2221	1
78	1170	91554641.11	3060	2221	1
78	1171	22835399.38	802	2221	1
78	1172	46272311.35	2506	2221	1
78	1173	85404496.62	2353	2221	1
78	1174	4016164.23	3098	2221	1
78	1175	5230951.93	3921	2221	1
78	1176	4031417.93	4342	2221	1
78	2089	13901327.13	4725	2221	1
78	2090	27821411.28	1840	2221	1
79	1178	282278.59	813	2222	5
79	1179	340342.83	110	2222	5
79	1181	22587934.21	3922	2222	5
79	1182	34830894.07	4578	2222	5
79	1183	12503148.99	4506	2222	5
79	1184	21688707.66	2350	2222	5
79	1186	39357722.31	10066	2222	5
79	2099	6694785.54	3207	2222	5
79	2100	11784533.48	1687	2222	5
79	2101	4530262.52	1159	2222	5
79	2102	18446860.74	1970	2222	5
79	2103	12093510.21	5769	2222	5
8	72	603427.71	2225	2158	1
8	73	565931.98	2584	2158	1
8	74	503484.04	2662	2158	1
8	75	474958.04	1829	2158	1
8	76	21124531.46	2945	2158	1
8	77	148561514.19	7105	2158	1
8	78	20450678.72	4295	2158	1
8	79	87222937.27	1405	2158	1
8	80	106871673.78	3114	2158	1
8	82	131557104.96	2681	2158	1
8	84	49778642.72	742	2158	1
8	85	38170483.09	599	2158	1
80	1187	65390124.31	3873	2223	5
80	1188	40339015.35	3133	2223	5
81	1189	18691107.15	2961	2224	1
81	1190	9861303.99	3692	2224	1
81	1192	58915516.80	1244	2224	1
81	1193	28640101.51	2149	2224	1
81	1199	10090912.94	345	2224	1
81	1200	27575485.51	3308	2224	1
81	1201	9806684.20	2032	2224	1
81	1202	25469851.64	1247	2224	1
81	1203	30527674.93	2926	2224	1
81	1204	23719167.76	1639	2224	1
81	1206	116377694.08	3121	2224	1
82	1207	854018.80	3696	2225	5
82	1208	643501.09	3707	2225	5
82	1209	1565070.64	6907	2225	5
82	1210	12209756.21	2116	2225	5
82	1211	11579665.95	1651	2225	5
82	1212	46183133.06	7010	2225	5
82	1214	16408130.64	2165	2225	5
82	1215	27738438.17	3399	2225	5
82	1216	39903638.33	2545	2225	5
82	1217	11182176.93	3280	2225	5
82	1218	53969601.77	4450	2225	5
82	1219	49654937.29	5021	2225	5
82	1220	40284508.28	4227	2225	5
82	1221	16971168.61	2575	2225	5
83	1222	20821285.04	3044	2226	5
83	1223	17562207.13	3071	2226	5
83	1224	28172599.75	3137	2226	5
83	1225	39681660.99	6063	2226	5
84	1226	1869609.86	3276	2227	1
84	1227	1644637.21	1958	2227	1
84	1228	46779991.43	2822	2227	1
84	1229	37510352.09	1467	2227	1
84	1230	43377857.58	2769	2227	1
84	1231	89976566.06	3523	2227	1
84	1232	318381298.15	2051	2227	1
85	1233	54567236.55	3364	2228	5
85	1234	60595965.72	1711	2228	5
85	1235	44744070.30	3641	2228	5
86	1236	5204308.80	3046	2229	5
86	1237	37756091.53	2719	2229	5
86	1238	35214282.84	1321	2229	5
86	1239	33039089.87	3616	2229	5
87	1240	6791977.09	2980	2230	1
87	1241	34678642.79	8190	2230	1
87	1242	394681.17	2816	2230	1
87	1243	188624670.76	3432	2230	1
87	1244	196412.44	1616	2230	1
87	1245	61895841.78	4192	2230	1
87	1246	13836336.58	2926	2230	1
88	1247	597132.78	2874	2231	2
88	1248	287760.80	929	2231	2
88	1249	800246.13	2695	2231	2
88	1250	1613698.25	6229	2231	2
88	1251	1262499.43	3380	2231	2
88	1252	37914898.14	3069	2231	2
88	1253	13872568.54	1486	2231	2
88	1254	34848004.67	3678	2231	2
88	1255	27145315.72	1561	2231	2
88	1256	16788067.24	1771	2231	2
88	1257	41337504.36	2432	2231	2
88	1258	19374050.28	1765	2231	2
88	1259	805000.68	3024	2231	2
88	1260	847915.43	2051	2231	2
88	1261	16344042.68	1088	2231	2
88	1262	20612244.10	1712	2231	2
88	1263	314934.87	1499	2231	2
89	1264	94265688.73	2955	1264	5
9	100	4638079.52	2323	2159	1
9	101	187255858.19	351	2159	1
9	102	177723077.70	589	2159	1
9	103	12621050.73	1624	2159	1
9	104	77422574.96	1770	2159	1
9	105	55643082.02	1052	2159	1
9	106	25480373.65	1811	2159	1
9	107	128826008.55	614	2159	1
9	108	49875844.82	253	2159	1
9	109	96657422.81	1539	2159	1
9	110	72654497.38	1854	2159	1
9	111	53065889.47	2165	2159	1
9	112	1010856.38	2067	2159	1
9	88	1272514.15	1976	2159	1
9	89	179511.89	835	2159	1
9	90	285999.85	931	2159	1
9	91	1622399.10	2832	2159	1
9	92	16481669.67	2238	2159	1
9	93	218817.05	1051	2159	1
9	94	214295.64	498	2159	1
9	95	1239866.62	2346	2159	1
9	96	351278.41	1320	2159	1
9	97	337479.34	1624	2159	1
9	98	2705630.52	5441	2159	1
9	99	451226.80	2039	2159	1
90	1265	811768.22	3206	1265	2
90	1266	207505.83	980	1266	2
90	1267	2584798.78	8591	1267	2
90	1268	339565.39	2385	1268	2
90	1269	247588.79	2134	1269	2
90	1270	1517219.47	7879	1270	2
90	1271	214311.35	1616	1271	2
90	1272	233079.22	2255	1272	2
90	1274	343118.84	1647	1274	2
90	1275	240544.23	1266	1275	2
90	1276	1466531.75	4380	1276	2
90	1277	201581.92	1022	1277	2
90	1278	268213.95	1566	1278	2
90	1279	357657.64	812	1279	2
90	1280	840955.34	3535	1280	2
90	1281	697317.88	3694	1281	2
90	1282	318956.39	1603	1282	2
90	1283	151520.17	773	1283	2
90	1284	147444.82	773	1284	2
90	1285	108092.63	942	1285	2
90	1286	359333.18	1244	1286	2
90	1287	110045.66	1258	1287	2
90	1288	77908.27	526	1288	2
90	1289	93401.86	525	1289	2
90	1290	139531.24	1022	1290	2
90	1291	110553.79	715	1291	2
90	1292	123327.30	1240	1292	2
90	1293	372051.65	1053	1293	2
90	1294	533736.96	3254	1294	2
90	1295	511153.22	1819	1295	2
90	1296	445177.06	1720	1296	2
90	1297	122532.28	1098	1297	2
90	1298	140068.45	479	1298	2
90	1299	187648.62	422	1299	2
90	1300	116790.81	1018	1300	2
90	1301	102849.69	1289	1301	2
90	1302	253419.01	389	1302	2
90	1303	1433396.98	1019	1303	2
90	1304	155904.61	1646	1304	2
90	1305	93455.45	285	1305	2
90	1306	123518.52	734	1306	2
90	1307	146494.14	1092	1307	2
90	1308	114824.87	561	1308	2
90	1309	133695.10	903	1309	2
90	1310	461892.81	1590	1310	2
90	1311	544845.08	3092	1311	2
90	1312	1384124.59	3783	1312	2
90	1313	146064.61	1493	1313	2
90	1314	104166.35	879	1314	2
90	1315	84564.22	836	1315	2
90	1316	76169.37	386	1316	2
90	1317	95139.32	653	1317	2
90	1318	151491.92	524	1318	2
90	1319	175819.69	536	1319	2
90	1320	161745.27	1235	1320	2
90	1321	188020.53	1082	1321	2
90	1322	435660.77	2449	1322	2
90	1323	672546.75	2096	1323	2
90	1324	160436.65	959	1324	2
90	1325	87269.87	589	1325	2
90	1326	146739.47	1258	1326	2
90	1327	225998.42	1614	1327	2
90	1328	172412.79	1736	1328	2
90	1329	234559.38	2776	1329	2
90	1330	149010.17	1248	1330	2
90	1331	168000.23	1705	1331	2
90	1332	234529.68	3753	1332	2
90	1333	203971.04	2217	1333	2
90	1334	353850.14	2806	1334	2
90	1335	2173703.63	5952	1335	2
90	1336	714280.27	2982	1336	2
90	1337	242403.39	1700	1337	2
90	1338	247158.19	2978	1338	2
90	1339	228402.72	2822	1339	2
90	1340	3127680.14	20867	1340	2
90	1341	195643.43	2097	1341	2
90	1342	989723.99	5204	1342	2
90	1343	1339540.40	7309	1343	2
90	1344	26873911.29	2172	2263	2
90	1345	19045359.33	1446	1345	2
90	1346	12495102.78	3052	1346	2
90	1347	14271098.99	1384	1347	2
90	1348	15290997.94	274	1348	2
90	1349	15217552.37	1145	1349	2
90	1350	16060011.91	728	2263	2
90	1351	17428969.11	2496	1351	2
90	1352	11572894.78	1950	1352	2
90	1353	28561302.18	705	1353	2
90	1354	15334306.39	1562	1354	2
90	1355	9070657.17	1458	1355	2
90	1356	23016104.73	1135	1356	2
90	1357	7785527.19	727	1357	2
90	1358	12766126.25	1242	1358	2
90	1359	11216880.95	2281	1359	2
90	1360	11084610.14	1652	1360	2
90	1361	8829010.35	1623	1361	2
90	1362	9240325.57	1614	1362	2
90	1363	9528662.23	1070	1363	2
90	1364	9428909.78	1224	1364	2
90	1365	7487084.54	739	1365	2
90	1366	6304895.07	1412	1366	2
90	1367	10058533.42	1787	1367	2
90	1368	11089190.28	555	1368	2
90	1369	11621704.15	2209	2264	2
90	1370	925029.99	2619	2264	2
90	1371	10114174.60	976	1371	2
90	1372	25394602.97	1641	1372	2
90	1373	6841508.17	3022	1373	2
90	1374	13376344.23	3497	1374	2
90	1375	12167101.71	1684	1375	2
90	1376	30666338.88	9521	1376	2
90	1377	21968209.79	1754	1377	2
90	1378	2503263.29	4096	1378	2
90	1379	1502973.54	2771	1379	2
90	1380	17913652.16	3598	1380	2
90	1381	2246297.57	2708	1381	2
90	1382	21246414.36	1095	1382	2
90	1383	21915565.31	1603	1383	2
90	1384	9723023.08	8016	1384	2
90	1385	4014633.02	914	1385	2
90	1386	7221485.07	8023	1386	2
90	1387	15381105.82	3083	1387	2
90	1388	6044437.25	1362	1388	2
90	1389	24334966.97	2010	1389	2
90	1390	26777567.09	1359	1390	2
90	1391	24983999.42	2898	1391	2
90	1392	38914686.29	1534	1392	2
90	1393	24278681.86	3153	1393	2
90	1396	691314.66	2195	1396	2
90	1397	1983498.99	4924	1397	2
90	1398	45723075.23	2918	2149	2
90	1399	51138600.99	2034	1399	2
90	1400	64267076.78	2166	1400	2
90	1976	351276.23	1017	1976	2
90	1977	235454.21	1733	1977	2
90	1978	119013.99	1278	1978	2
90	1979	173824.54	1647	1979	2
90	1980	417117.68	2602	1980	2
90	1981	132582.84	1539	1981	2
90	1982	381684.41	1495	1982	2
90	1983	403730.31	1351	1983	2
90	1984	328626.44	1299	1984	2
90	1985	132139.39	1493	1985	2
90	1986	93391.48	1327	1986	2
90	1987	118060.99	1473	1987	2
90	1988	96129.40	1238	1988	2
90	1989	200279.84	1851	1989	2
90	1990	260563.91	825	1990	2
90	1991	388758.55	1375	1991	2
90	1992	1974663.26	2079	1992	2
90	1993	162212.93	337	1993	2
90	1994	169992.04	1054	1994	2
90	1995	187067.11	1094	1995	2
90	1996	120318.77	1080	1996	2
90	1997	217092.32	1667	1997	2
90	1998	261132.44	1108	1998	2
90	1999	56642.58	706	1999	2
90	2000	220730.62	576	2000	2
90	2001	85837.73	1632	2001	2
90	2002	136146.62	1832	2002	2
90	2003	132969.56	1215	2003	2
90	2004	941370.87	1324	2004	2
90	2005	179514.54	2123	2005	2
90	2006	100496.79	1827	2006	2
90	2007	132440.46	1475	2007	2
90	2008	122611.53	1762	2008	2
90	2009	94029.29	992	2009	2
90	2010	115239.50	1444	2010	2
90	2011	107272.29	1764	2011	2
90	2047	19032436.26	864	2047	2
90	2048	537281.06	994	2048	2
90	2142	1298969.74	2718	2142	2
90	2143	1264412.99	2268	2143	2
90	2147	1650756.79	549	2149	2
900	1164	19426165.71	633	1164	5
91	1404	35326860.11	2625	2232	5
91	1405	25414062.60	2012	2232	5
92	1406	7679024.48	4324	2233	5
92	1407	4494341.80	1857	2233	5
92	1408	522560.88	1513	2233	5
92	1409	5064743.17	3002	2233	5
92	1410	21073416.30	3254	2233	5
93	1411	679384.52	2173	2234	5
93	1412	228008.33	625	2234	5
93	1413	480761.31	1543	2234	5
93	1416	88124644.53	2283	2234	5
93	1417	71638733.86	1978	2234	5
93	1418	33515021.95	1015	2234	5
93	1422	39801552.45	1308	2234	5
93	1423	5038729.76	1461	2234	5
93	1424	96804946.66	3418	2234	5
93	1425	39907478.96	736	2234	5
93	1426	9351046.03	2877	2234	5
93	1427	122009941.47	1096	2234	5
93	1437	95093435.27	1973	2234	5
94	1438	582871.42	1831	2235	5
94	1439	12756359.46	2699	2235	5
94	1440	3994182.45	1237	2235	5
94	1441	8801872.50	2633	2235	5
94	1442	6083142.19	1025	2235	5
94	1443	4881455.94	1566	2235	5
94	1444	9204322.46	4142	2235	5
94	1445	3059307.65	3089	2235	5
94	1446	2256688.56	2915	2235	5
94	1447	9728743.05	2941	2235	5
94	1448	23510522.47	3088	2235	5
94	1449	8307478.77	1903	2235	5
94	1450	3221162.13	5636	2235	5
94	1451	52124822.70	3618	2235	5
94	1452	26620325.99	5556	2235	5
94	1453	14865150.62	1979	2235	5
95	1454	1043250.82	3397	2236	5
95	1455	14369698.50	7546	2236	5
95	1456	689791.97	2503	2236	5
95	1457	33138364.46	3599	2236	5
95	1458	2940652.48	2107	2236	5
95	1459	41094554.66	6631	2236	5
95	1460	24746286.58	8364	2236	5
95	1461	55126860.75	2390	2236	5
95	1462	58200468.44	9162	2236	5
95	1463	44801279.30	3507	2236	5
96	1464	443309.44	2023	2237	5
96	1465	457581.08	3243	2237	5
96	1466	217621.44	1987	2237	5
96	1467	91612578.72	3133	2237	5
96	1468	38599015.84	3837	2237	5
96	1469	35305339.89	1863	2237	5
96	1470	34799499.33	3917	2237	5
96	1471	55690107.61	3727	2237	5
96	1472	153560715.39	3535	2237	5
96	1473	33775268.12	2567	2237	5
96	1474	57760698.40	4983	2237	5
96	1475	62007386.66	4626	2237	5
96	1476	59108426.60	6077	2237	5
96	1477	31994970.75	4601	2237	5
96	1478	25930374.41	5140	2237	5
96	1479	676062.44	3916	2237	5
96	1480	35825229.53	5038	2237	5
96	1481	11232946.75	3844	2237	5
96	1482	58276822.98	3697	2237	5
96	1483	670985.86	2636	2237	5
96	1484	623644.15	4075	2237	5
96	1485	34133963.09	3812	2237	5
97	1486	750514.19	1053	2238	1
97	1487	18820752.48	2254	2238	1
97	1488	1029329.50	1406	2238	1
97	1489	1461800.76	6709	2238	1
97	1490	19154529.03	6303	2238	1
97	1491	245379.31	1052	2238	1
97	1492	741092.25	1239	2238	1
97	1493	229122.78	1199	2238	1
97	1494	151746.70	518	2238	1
97	1495	151259.68	704	2238	1
97	1496	220795.84	1006	2238	1
97	1497	159598.12	1189	2238	1
97	1498	9825701.84	3608	2238	1
97	1499	2232898.09	5193	2238	1
97	1500	323136.60	765	2238	1
97	1501	15287677.47	3171	2238	1
97	1502	1279017.37	3496	2238	1
97	1503	44775344.59	850	2238	1
97	1504	136913232.18	2089	2238	1
97	1505	163230718.66	619	2238	1
97	1506	28461771.09	1910	2238	1
97	1507	33844070.85	1091	2238	1
97	1508	63979822.74	3305	2238	1
97	1509	1649408.49	4132	2238	1
97	1510	46490117.10	3318	2238	1
97	1511	13602037.02	2645	2238	1
97	1512	42984660.87	3070	2238	1
97	1513	65051824.55	1354	2238	1
97	1514	136350773.17	1349	2238	1
97	1515	31142150.34	3058	2238	1
97	1516	33589667.23	3876	2238	1
97	1517	70127373.55	3048	2238	1
97	1518	94407007.65	2173	2238	1
97	1519	157807504.26	1311	2238	1
97	1520	1734256.04	2085	2238	1
97	1521	1701945.01	2021	2238	1
97	1522	122781815.10	749	2238	1
97	1523	137266587.04	1721	2238	1
97	1524	42844426.99	631	2238	1
97	1525	58040075.85	1952	2238	1
97	1526	33951033.79	766	2238	1
97	1527	10304295.38	1197	2238	1
97	1528	30266799.03	1107	2238	1
98	1530	75182445.21	1568	2239	1
98	2113	36146667.75	4097	2239	1
98	2114	42128809.62	1060	2239	1
98	2115	17895322.20	667	2239	1
99	1532	1548335.51	862	2240	1
99	1533	20571570.55	4098	2240	1
99	1534	876295.30	1507	2240	1
99	1535	2528725.81	961	2240	1
99	1536	35294585.67	5525	2240	1
99	1537	22576424.98	2053	2240	1
99	1538	13408315.35	1628	2240	1
99	1539	104048332.54	2770	2240	1
99	1540	25399400.93	1816	2240	1
99	1541	17872575.37	2701	2240	1
99	1542	25748346.65	2836	2240	1
99	1543	15127555.45	3503	2240	1
99	1544	49400897.81	3178	2240	1
99	1545	53398193.20	2624	2240	1
99	1546	43563111.37	2859	2240	1
99	1547	48655115.68	2123	2240	1
99	1548	62333983.85	2677	2240	1
99	1549	54534338.75	2209	2240	1
99	1550	28262460.92	1903	2240	1
99	1551	19768465.55	2187	2240	1
99	1552	44603092.10	2837	2240	1
99	1553	37380585.12	893	2240	1
99	1554	62390732.87	1921	2240	1
99	1555	133802194.98	1838	2240	1
99	1556	211185570.60	2563	2240	1
99	1557	64823025.23	2716	2240	1
99	1558	29153907.64	2372	2240	1
99	1559	102195124.08	2233	2240	1
99	1560	37658919.16	839	2240	1
99	1561	67325429.89	1134	2240	1
99	1562	14543582.53	1598	2240	1
99	1563	54251457.94	522	2240	1
99	1564	62875994.42	4037	2240	1
99	1565	25211473.04	3790	2240	1
99	1566	43605638.06	1919	2240	1
99	1567	2273207.29	1342	2240	1