# id_seccion id_municipio poblacion area
2 1 2914 1131525.52
2120 1 1183 16899490.12
2121 1 4876 21320265.09
3 1 3703 17881446.86
4 1 809 97420268.52
5 1 1884 77410517.13
6 1 3001 41712961.73
113 10 2468 30448765.55
114 10 2575 26578797.43
115 10 2092 23085558.24
1568 100 2811 875884.18
1569 100 2525 51971768.66
1570 100 3005 40338546.83
1571 100 4254 66926718.14
1572 100 4694 37721119.51
1573 100 1972 30100082.08
1574 100 4250 11963282.07
1575 100 3592 12174054.98
1576 100 3030 15883973.70
1577 100 2009 15328252.71
1578 100 3629 55683513.65
1579 100 3694 62748661.86
1580 101 830 227449.35
1581 101 1541 416659.91
1582 101 1093 205099.63
1583 101 2035 897558.03
1584 101 1968 711091.75
1585 101 1458 10025713.45
1586 101 3294 4845788.17
1587 101 3149 6831354.73
1588 101 1237 5304713.83
1589 101 1307 14678362.04
1590 101 1220 5663288.30
1591 101 4058 12556702.02
1592 101 2705 12087099.59
1593 101 1957 6146559.95
1594 101 3307 12235237.67
1595 101 616 4133639.14
1596 101 955 4604516.03
1597 101 1586 7713488.42
1598 101 1348 3909319.74
1599 101 2934 18276459.32
1600 101 886 8132878.06
1601 101 1041 5532849.83
1602 102 17408 13054612.45
1603 102 4809 387527.92
1604 102 4977 357530.48
1605 102 4544 1455343.12
1607 102 3027 238241.85
1608 102 6274 453771.92
1609 102 7490 658757.17
1610 102 8424 918799.48
1611 102 4511 376838.18
1612 102 3190 269076.41
1613 102 2968 184806.66
1614 102 4219 277420.68
1615 102 6064 439024.13
1616 102 22003 13619531.67
1617 102 4700 420630.00
1618 102 2559 202886.95
1619 102 2378 213677.12
1620 102 2789 262026.20
1621 102 1112 52416.38
1622 102 9843 5715764.65
1623 102 3470 199252.85
1624 102 3207 202125.72
1625 102 3976 254770.08
1626 102 1922 111553.67
1627 102 1587 94676.02
1628 102 1914 147057.79
1629 102 4600 938275.46
1630 102 2246 204566.96
1631 102 2582 273390.70
1632 102 2085 361714.84
1633 102 2171 352656.21
1634 102 2966 440293.19
1635 102 1057 208813.64
1636 102 2865 258331.18
1637 102 2705 3735975.07
1638 102 14549 11025536.88
1639 102 2245 290855.58
1640 102 10660 6696174.32
1641 102 3045 1423854.68
1642 102 1128 91858.78
1643 102 1344 64174.00
1644 102 2104 307570.90
1645 102 1557 185613.11
1646 102 1713 371485.36
1647 102 2377 181419.96
1648 102 1428 202515.23
1649 102 1545 313428.53
1650 102 1221 117561.41
1651 102 1864 207864.06
1652 102 1396 173413.07
1653 102 2458 344796.04
1654 102 1583 345634.37
1655 102 1675 115788.62
1656 102 1387 139501.80
1657 102 3619 442146.97
1659 102 3997 1801441.53
1660 102 3484 175162.94
1661 102 4185 237781.36
1662 102 3067 664251.82
1663 102 4422 681802.15
1664 102 1705 353835.14
1665 102 1050 261654.73
1666 102 1821 310216.65
1667 102 753 81338.28
1668 102 1463 252546.23
1669 102 1341 135751.53
1670 102 980 138599.24
1671 102 973 104683.95
1672 102 1452 467936.44
1673 102 2993 2435284.95
1674 102 1615 530968.78
1675 102 852 865046.88
1676 102 778 211750.29
1677 102 578 102779.06
1678 102 553 138764.47
1679 102 843 144435.80
1680 102 889 252629.71
1681 102 849 150824.52
1682 102 1484 194416.66
1683 102 1711 295462.42
1684 102 1828 147255.03
1685 102 3506 650373.56
1686 102 2446 139526.52
1687 102 1117 67007.65
1688 102 964 73817.87
1689 102 1835 186005.80
1690 102 1721 287906.90
1691 102 1211 144851.75
1692 102 1203 126121.75
1693 102 1068 94698.92
1694 102 831 163900.95
1695 102 686 209811.35
1696 102 592 109526.56
1697 102 669 79924.62
1698 102 1210 250315.81
1699 102 1455 315695.03
1700 102 2492 634625.93
1701 102 1157 285151.09
1702 102 1483 231072.74
1703 102 4952 546544.70
1704 102 2442 367923.35
1705 102 1794 218651.54
1706 102 3876 416286.44
1707 102 2717 391403.05
1708 102 1940 310312.53
1709 102 1307 124594.48
1710 102 583 64946.49
1711 102 557 100253.03
1712 102 1730 305500.36
1713 102 1686 90060.88
1714 102 1870 107582.96
1715 102 1764 139861.34
1716 102 1765 134001.53
1717 102 3483 291431.16
1718 102 1847 151002.72
1719 102 1329 189689.88
1720 102 2344 238422.06
1721 102 1857 193436.89
1722 102 1353 180380.35
1723 102 1495 134599.31
1724 102 1562 160535.45
1725 102 1477 131314.70
1726 102 1969 127213.01
1727 102 2076 237283.27
1728 102 1924 147227.95
1729 102 6100 998615.67
1730 102 5009 379509.42
1732 102 3269 238094.11
1733 102 2044 188272.63
1734 102 3003 444226.61
1735 102 7730 2886786.09
1736 102 18442 9671762.87
1737 102 23169 6646404.53
1738 102 4150 418068.75
1739 102 12695 15939967.75
1741 102 1864 177119.20
1742 102 7033 28794954.57
1743 102 13986 4091433.00
1745 102 4476 1610624.17
1746 102 5411 1989394.42
1747 102 14833 43582135.28
1748 102 11461 66648605.67
1749 102 8069 5192326.68
1750 102 7626 553776.11
1751 102 4217 845562.46
1752 102 430 134744.04
1753 102 580 1800859.39
1754 102 1571 152913.35
1930 102 2174 10674238.22
1931 102 652 47715.27
1932 102 689 45360.11
1933 102 527 45521.64
1934 102 1109 72181.15
1935 102 632 43317.57
1936 102 997 77004.56
1937 102 812 38785.17
1938 102 653 70094.36
1939 102 612 58394.12
1940 102 716 45531.54
1941 102 797 53313.44
1942 102 1050 58213.75
1943 102 1354 181123.68
1944 102 855 74910.44
1945 102 813 58797.57
1946 102 810 38490.08
1947 102 780 58529.56
1948 102 840 66218.13
1949 102 629 35657.66
1950 102 1000 48651.04
1951 102 569 33993.13
1952 102 520 32559.47
1953 102 614 51775.20
1954 102 482 26162.34
1955 102 958 72214.72
1956 102 638 29537.25
1957 102 1498 205447.97
1958 102 566 32726.96
1959 102 515 25237.99
1960 102 306 36902.96
1961 102 684 29932.11
1962 102 595 24236.26
1963 102 644 32267.20
1964 102 1073 70965.88
1965 102 688 30765.78
1966 102 628 30404.04
1967 102 809 45287.93
1968 102 929 46484.44
1969 102 600 38346.36
1970 102 765 58927.24
1971 102 1379 94263.37
1972 102 677 119387.64
1973 102 774 45774.48
1974 102 985 115228.47
1975 102 652 33474.97
2012 102 1018 3195380.61
2013 102 795 49427.73
2014 102 927 56227.74
2015 102 1178 80380.81
2016 102 1007 69766.66
2017 102 2630 188375.93
2018 102 1069 103405.38
2019 102 1580 91022.75
2020 102 1252 101710.41
2021 102 2219 462016.00
2022 102 2996 259160.29
2023 102 732 79135.57
2024 102 2537 833640.51
2025 102 1019 81016.35
2026 102 802 589274.96
2027 102 734 55100.28
2028 102 1880 661852.63
2029 102 2636 1213945.54
2030 102 663 184808.21
2031 102 1036 122083.29
2032 102 771 49550.73
2033 102 697 41170.58
2034 102 708 34805.32
2035 102 536 42032.67
2036 102 516 25286.26
2037 102 747 90988.01
2038 102 838 35391.42
2039 102 620 24794.43
2040 102 2426 359231.15
2041 102 638 212065.33
2042 102 852 73929.34
2043 102 1027 1045184.37
2044 102 1259 92200.14
2045 102 891 108175.85
2046 102 1614 99421.79
2116 102 2776 363534.21
2117 102 1624 904515.48
2118 102 1325 132965.81
2119 102 2627 1907911.62
2131 102 2015 578254.54
2132 102 2104 731247.09
1755 103 2752 905238.77
1756 103 790 10149149.21
1757 103 1000 8780286.02
1758 103 1511 11639902.82
1759 103 1202 13491848.60
1760 103 1103 9725227.40
1761 103 990 9830251.06
1762 103 1614 14160527.77
1763 103 3844 5408558.14
1764 103 3862 5360164.01
1765 103 1785 5848730.52
1766 103 1338 14988451.41
1767 103 1317 8043401.60
1768 103 1002 13588422.86
1769 103 1775 17124670.05
1770 103 3973 24969855.60
1771 104 3719 52666846.28
1772 104 1063 1015019.13
1773 104 1768 31677722.05
1774 104 1331 43024712.76
1775 104 2882 1991182.96
1776 104 3315 102563928.58
1777 104 2305 157874141.76
1778 105 3158 7124141.12
1779 105 2069 19240053.81
1780 105 1110 5774274.01
1781 105 2166 2817508.66
1782 105 1772 8650911.68
1783 105 1503 16060282.20
1784 105 2827 1210242.51
1785 105 1403 598099.42
1786 106 2300 262871.12
1787 106 721 119514.71
1788 106 1609 196220.62
1789 106 1940 257009.04
1790 106 1907 233521.89
1791 106 1604 167145.06
1792 106 1605 166673.73
1793 106 2024 58248283.61
1794 106 1668 14631633.22
1795 106 2641 82987831.34
1796 106 5460 104938270.67
1797 106 5307 35679812.00
1798 106 5596 62534832.65
1799 106 3584 20489815.12
1800 106 4489 4750507.13
1801 106 1340 396629.35
1802 106 3183 31846088.13
1803 106 1152 73455544.96
1804 106 3224 3659742.39
1805 106 2231 6687215.22
1806 106 2403 1394374.38
1807 106 1894 45380704.54
1808 106 2713 471110970.50
1809 106 818 69395928.00
1810 106 4359 114302440.68
1811 106 1674 42170772.74
1812 107 3529 21524909.64
1813 107 3223 26052795.20
1814 107 2262 27318612.60
1815 107 3381 12492250.93
1816 107 1300 19759598.50
1817 107 1034 27434186.09
1818 107 913 23933364.62
1819 107 1398 19931121.35
1820 107 895 17670906.33
1821 107 3156 11923636.34
1822 107 1610 22293538.90
1823 107 2231 11213269.84
1824 107 889 22446647.88
1825 107 2247 36207833.54
1826 107 1266 51542060.64
1827 107 1292 122746638.09
1828 108 4379 25082842.30
1829 108 2540 9510754.38
1830 108 2875 18025820.22
1831 108 3615 10550708.42
1836 108 1590 127512036.44
1838 108 1627 117745612.34
1839 108 1987 111236803.47
1840 108 3844 38942662.89
1841 108 4938 36318159.78
1842 108 748 67723805.87
1843 108 3221 63101273.88
1844 108 2620 21212649.46
1846 108 5525 158369513.76
1847 108 1485 253025367.01
1848 108 2704 10522284.79
1849 108 1718 384699.06
1850 108 2880 11050446.84
1851 108 2221 82431725.58
1852 108 3340 567879002.43
1853 108 2610 97097954.14
1854 108 2019 369686086.03
1855 108 3274 229801000.27
2133 108 2046 6244154.91
2134 108 2412 29616643.25
1856 109 4182 38407693.62
1857 109 1541 602912.83
1858 109 3350 20382712.02
1859 109 2128 1531246.62
1860 109 2003 227743.70
1861 109 631 169623.67
1862 109 1093 169553.72
1863 109 6016 42357719.85
1864 109 1357 151501.53
1865 109 1214 258656.33
1866 109 1609 32232057.50
1867 109 3244 828450.35
1868 109 1501 283812.98
1869 109 1805 184321.03
1870 109 1745 133071.88
1871 109 8757 1230378.41
1872 109 1741 19832509.36
1873 109 979 57037193.66
1874 109 2766 153109048.95
1875 109 744 45807026.05
1876 109 1705 156851493.36
1877 109 2192 629384.32
1878 109 2186 16528167.30
1879 109 1733 897334.42
1880 109 2285 125948862.46
1881 109 2607 56938499.04
1882 109 2780 991612.61
1883 109 3138 161336898.24
1884 109 2410 13932744.26
1885 109 2807 756153.58
1886 109 3085 2128977.31
1887 109 1305 64815489.95
1888 109 1856 117301766.16
1889 109 1304 4718355.03
1890 109 3312 1703796.92
1891 109 1737 87255613.51
1892 109 2169 46222444.70
1893 109 1661 13947194.62
1894 109 2291 91357049.28
1895 109 3331 242436194.88
1896 109 2177 156185774.63
1897 109 2617 13927753.40
1898 109 2575 5207824.77
1899 109 1711 25249995.73
1900 109 1213 117227834.06
1901 109 4280 8852666.59
116 11 1410 592801.76
117 11 1723 19951558.81
118 11 797 13576581.42
119 11 494 16426550.73
120 11 1363 6731315.08
121 11 2005 19546852.33
122 11 1332 8291208.27
123 11 1677 31089846.09
124 11 1962 24897446.84
125 11 958 34796498.37
126 11 1765 11638814.99
127 11 1674 23175744.51
128 11 2658 10959146.24
129 11 999 8867050.09
1902 110 4186 1023136.29
1903 110 2793 762657.58
1904 110 4394 574511.55
1905 110 1501 169548.93
1906 110 3339 710085.70
1907 110 2145 27434630.93
1908 110 4725 21770186.22
1909 110 2380 50250428.72
1910 110 2439 40757454.33
1911 110 4705 27958859.05
1912 110 4306 12843654.74
1913 110 3118 19718379.26
1914 110 882 17537454.90
1915 111 2590 1130591.35
1916 111 2160 1339931.23
1917 111 2557 29883371.79
1918 111 3986 9698789.02
1919 111 2196 6653340.31
1920 111 4405 3362441.34
1921 111 3011 14479125.17
1922 111 2344 14152152.54
1923 111 3000 995308.26
1924 111 3046 36753441.34
1925 111 3778 7296186.38
1926 111 1221 23298206.05
1927 111 5175 3568994.86
1928 111 2846 19721612.13
1929 111 2996 22279679.18
398 112 3349 12798865.39
399 112 5131 13989406.11
867 113 3330 1292261.45
868 113 4670 1730750.31
869 113 4176 417967562.26
874 113 3462 300380135.47
878 113 4549 221141016.14
879 113 3416 147354662.81
747 114 4610 227916447.68
748 114 2163 61536848.04
756 114 3051 58513228.02
757 114 2619 121989586.36
758 114 3575 72920691.88
873 115 2471 208069422.15
875 115 1637 127149304.92
876 115 5074 217072598.04
877 115 1625 96471556.13
880 115 2074 263088051.70
81 116 1159 33637301.49
83 116 3500 44643686.58
86 116 1942 88219731.92
87 116 1787 31416813.27
1213 117 5721 38314122.77
685 118 4959 16521689.36
1196 119 1634 101987367.71
1197 119 2681 123253066.17
130 12 8606 1177812.07
131 12 3673 407134.37
132 12 4067 2938920.32
133 12 3690 1159010.90
134 12 2887 550790.97
135 12 3155 299149.51
136 12 13278 66119951.11
137 12 1972 13943405.06
138 12 2470 53015550.07
139 12 943 25616308.46
140 12 951 44917067.36
141 12 1075 32325007.31
142 12 4673 78109565.99
143 12 12675 46786644.88
1045 120 5910 48569873.03
1046 120 2808 29364801.69
1832 121 3113 74539876.49
1833 121 3892 1636386.26
1834 121 2635 118958835.45
1835 121 2815 68765878.18
1837 121 3132 105725920.50
15 122 2013 85333118.83
16 122 2559 12313909.94
17 122 3664 88776238.82
20 122 2547 31613358.76
1414 123 2104 21979208.61
1415 123 891 47510358.70
1419 123 1954 50013290.01
1420 123 2088 75550884.53
1421 123 1526 69141492.00
1428 123 1471 59235446.91
1429 123 2360 72864905.06
1430 123 1752 489712.91
1431 123 1373 1111037.75
1432 123 2052 1100930.71
1433 123 2571 14114718.62
1434 123 1894 250103333.75
1435 123 1673 78234619.70
1436 123 138 24504721.08
1191 124 686 30134697.97
1194 124 2620 34081985.81
1195 124 3633 115296420.07
1198 124 2346 32327854.72
1205 124 2365 51245787.29
2049 124 0 3776841.06
144 13 3914 585841.60
145 13 3890 751535.49
146 13 2006 378316.63
147 13 3807 546231.22
148 13 2838 55608044.91
149 13 2962 96229027.13
150 13 2881 51972680.94
151 13 5940 51234271.73
152 13 3922 28177783.08
153 13 4035 46239976.99
154 13 4400 47611725.74
155 14 1824 205215.57
156 14 1546 240794.61
157 14 6193 48137539.38
158 14 1262 20716126.30
159 14 3430 25590830.94
161 14 2180 18244730.91
162 14 2730 20311914.91
2054 14 1120 11132565.65
2055 14 4357 16863607.73
163 15 3084 1146691.79
164 15 5878 1394331.57
165 15 2396 348455.06
166 15 2992 831199.33
167 15 1852 614575.98
168 15 1302 513179.38
169 15 808 527076.79
170 15 1578 31196158.12
171 15 946 23400444.95
172 15 1107 23814374.40
173 15 2139 10496058.22
174 15 837 5583271.59
175 15 1377 3848598.49
176 15 2137 7667431.71
177 15 858 3287387.79
178 15 2479 9114777.21
179 15 2525 6107579.02
180 15 2331 10548126.25
181 15 2845 4016835.97
182 15 2688 1972301.26
183 15 1988 1367007.89
184 15 3283 5255904.17
185 15 3063 19746462.11
186 16 1682 40533699.07
187 16 2138 764032.33
188 16 1759 83928509.10
189 16 1052 64456965.78
190 16 752 110581878.74
191 16 653 51514421.13
192 16 1635 70673415.24
193 16 2982 71827500.63
194 16 2260 56558385.60
195 16 1373 64681630.32
196 16 928 25316472.55
197 17 2700 26956680.93
198 17 1277 409592.66
199 17 3854 23861512.18
200 17 3234 993983.65
201 17 811 185333.93
202 17 2010 202042.55
203 17 2209 190110.80
204 17 1055 176456.70
205 17 1654 355529.79
206 17 2892 611258.03
207 17 2932 373223.11
208 17 3896 525828.81
209 17 10620 63036946.88
210 17 2333 747096.21
211 17 5441 1824598.29
212 17 3735 19143480.54
213 17 335 647295555.53
214 17 3446 220757017.93
215 17 2200 84591493.70
216 17 528 173878584.12
217 17 2794 284841037.90
218 17 1064 23607295.00
219 17 1794 86561773.16
220 17 1336 16873686.65
221 17 3557 401255649.10
222 17 1204 51934645.96
223 17 4523 41530459.54
224 17 1990 45347009.66
225 17 1862 23269636.63
226 17 791 40039941.20
227 17 403 78550123.58
228 17 760 63290600.78
229 17 1366 113987778.02
230 17 1851 133805364.56
231 17 1454 52515557.96
232 17 1797 395390921.14
233 17 1495 89790013.06
234 18 1548 496334.51
235 18 1825 710670.86
236 18 1393 75670237.30
237 18 2892 43009648.64
238 18 2621 31796654.91
2126 19 2922 601359.10
2127 19 3014 927935.43
239 19 7160 1808776.90
240 19 2284 314941.96
241 19 884 127036.36
242 19 5007 5007206.53
243 19 2192 276812.81
244 19 7721 1915270.99
245 19 1347 172277.95
246 19 1060 132132.20
247 19 924 243070.84
248 19 3740 719283.81
249 19 4597 1020105.29
250 19 1518 320435.49
251 19 1231 272378.14
252 19 440 156778.94
253 19 696 168044.08
254 19 1554 183490.54
255 19 4600 1799003.61
256 19 4313 2256018.39
257 19 2647 346124.62
258 19 979 187226.82
259 19 3266 828821.80
260 19 14839 32719118.41
262 19 4976 1013820.83
263 19 4135 830295.01
264 19 8902 9364160.34
265 19 4127 567974.99
266 19 11125 7888172.20
267 19 2618 945567.53
268 19 2066 37511813.82
269 19 926 54353427.33
270 19 2700 78042117.69
271 19 2119 69613995.28
272 19 1272 42791537.58
273 19 2339 77768312.28
274 19 1017 19752022.17
275 19 2606 67179196.20
276 19 1466 37450356.87
277 19 2387 30142661.78
278 19 895 24978369.16
279 19 3164 29291843.35
280 19 2367 20592405.75
281 19 844 1793097.78
282 19 2240 3442601.96
283 19 2630 10686086.27
284 19 3074 34372494.93
285 19 1441 12556542.28
286 19 2812 7187347.32
287 19 1941 22744842.30
288 19 1785 25425677.18
289 19 4410 51509190.13
290 19 2940 45799570.65
291 19 2025 99318438.09
292 19 1564 1950131.32
10 2 1638 182638.74
11 2 1954 306070.02
12 2 1287 671724.29
13 2 1155 925385.78
14 2 1363 82164007.80
18 2 484 20334244.21
19 2 3415 130175237.85
7 2 3641 837897.63
8 2 1653 562656.60
9 2 4604 74784000.41
293 20 2914 48550441.69
294 20 2293 24798617.47
295 20 1438 8752847.76
296 20 1798 1345414.11
297 20 471 178189542.56
298 20 2139 72143797.67
299 20 4099 12797082.69
300 20 3354 75460584.52
301 20 2358 16448630.77
302 20 2068 27112593.60
303 20 1043 113318945.53
304 20 348 282815334.69
305 20 1172 43951011.92
306 20 1353 110176914.04
307 20 1914 110455747.24
308 20 2377 82795731.79
309 20 1081 127739436.40
310 20 2159 129435231.50
311 20 3156 147953358.09
312 20 2848 95243441.34
313 20 1663 127249477.69
314 20 2513 329577489.06
315 20 2706 202809418.56
316 20 2855 185830751.55
317 21 1371 564108.23
318 21 2142 790940.24
319 21 1294 423605.36
320 21 1834 778559.36
321 21 2515 47550135.70
322 21 1231 14677696.33
323 21 804 18023228.85
324 21 903 1892312.86
325 21 1495 8973108.78
326 21 1598 2202418.92
327 21 1064 16686605.25
328 21 1938 35608236.40
329 21 2205 78115286.97
330 21 1807 78207750.91
331 22 1430 758323.42
332 22 5782 43300557.70
333 22 4801 38316491.26
334 22 5236 66555429.17
335 22 5238 43346219.95
2091 23 1767 7307320.96
2092 23 0 1610302.77
2093 23 1900 864417.93
336 23 1312 504813.68
337 23 1880 884007.24
338 23 2683 29318872.90
339 23 3587 8879071.72
340 23 3391 15941661.74
341 23 2094 3461746.67
342 23 2658 9520538.41
343 23 2304 3351229.43
344 23 3858 7714781.56
345 23 1310 8054362.26
346 23 4316 7886863.29
347 23 2980 13773394.57
348 23 694 6965893.66
349 23 2630 6345060.50
350 23 2395 10489990.51
351 23 3646 3829775.26
352 23 1980 7848006.84
353 23 1403 7496935.68
354 23 816 3957509.73
355 23 2273 9424476.54
356 23 3226 20747346.59
357 23 2941 14832758.78
359 23 3316 7595708.88
360 23 3665 13794930.73
361 23 1429 6187436.84
362 23 2713 7522342.79
363 23 3528 25924681.24
364 23 2703 11782411.01
365 23 2396 13968476.79
366 23 1943 4011092.71
367 23 3801 12208330.67
368 23 4120 6602041.37
369 23 1959 3869266.25
370 23 4324 6118260.62
371 23 2116 1893779.07
372 23 1058 1754193.25
373 23 3202 8914633.40
374 23 1707 7512927.61
375 24 3595 8141167.46
376 24 2320 718525.96
377 24 1775 16747589.19
378 24 1358 1097539.21
379 24 1102 127669923.26
380 24 3481 242223657.10
381 25 3404 1389170.89
382 25 1437 91664030.02
383 25 1832 74907750.42
2056 26 592 8500249.72
2057 26 2318 10814322.11
2058 26 1085 4630891.14
384 26 2990 916785.38
385 26 512 15860998.19
386 26 2474 10998891.10
387 26 2107 11605448.59
388 26 3484 15036360.48
389 26 4317 19963707.84
390 26 2218 12282009.39
391 26 2291 17155575.64
392 26 2718 8411857.29
394 26 2905 10417295.66
395 26 2268 15377925.13
396 26 3241 22324917.20
397 26 3320 10057072.71
400 26 3436 15496065.04
401 26 3717 22265089.47
2104 27 4186 17058711.70
2105 27 3270 55029423.64
2106 27 3500 3845845.56
2107 27 6303 546385.42
2108 27 3700 9965777.50
402 27 17291 2647953.30
403 27 4780 3033842.01
404 27 9536 4036239.37
405 27 5491 4334638.62
406 27 1901 274963.34
407 27 2766 234142.08
408 27 1361 163317.87
409 27 1267 567290.46
410 27 1431 194341.98
411 27 3031 722719.37
412 27 2430 223293.23
413 27 4874 37477976.38
414 27 3316 72788539.40
417 27 3726 25482632.14
418 27 1534 69032013.62
419 27 2065 6351408.17
420 27 1525 10923779.83
421 27 1188 11204303.60
422 27 1451 22978617.58
423 27 1724 21295224.22
424 27 2188 25327913.82
425 27 3005 23779113.60
426 27 2065 15204374.62
427 27 1436 49367562.06
428 27 1637 33284603.19
429 27 2066 13174076.26
430 27 1464 39184633.30
431 27 2153 881181.64
432 27 2481 204336158.79
433 28 1926 700356.25
434 28 3177 11462295.62
435 28 1030 41273438.98
436 29 2048 8037831.19
437 29 2351 58958357.72
438 29 1003 56082563.78
21 3 2028 16595407.35
22 3 1958 8329623.21
23 3 1441 572876.71
24 3 2399 10342689.21
25 3 2443 42356479.22
26 3 2506 19330754.49
27 3 2164 43774130.10
28 3 3175 101311957.56
29 3 1455 17619684.18
30 3 1783 34283374.48
31 3 1778 24685590.49
32 3 1125 113161385.10
33 3 777 100958114.28
34 3 2861 27630249.09
439 30 2302 8000586.68
440 30 2381 2381194.03
441 30 3096 10507161.92
442 30 1986 54724754.23
443 30 708 41433084.03
444 30 3501 88250061.41
445 30 1842 62220229.93
446 30 2155 125297010.90
447 30 3091 229395675.66
448 30 2411 74710813.66
449 30 2997 74996842.18
450 30 1981 34505023.38
451 30 2044 19207309.77
452 30 1993 24611114.60
453 30 1371 23754485.09
454 30 1783 43887925.61
455 30 1431 56106521.88
2059 31 562 6311199.95
2060 31 4391 26591006.03
2061 31 1800 7040672.19
2062 31 1418 29552471.36
2063 31 1724 13007579.69
2064 31 2103 19529150.54
2065 31 6114 51025956.61
2066 31 1288 7483156.84
2067 31 1377 19712463.11
2068 31 433 16556633.69
2069 31 1085 31353820.35
2070 31 2467 24584413.83
2071 31 3239 52976287.47
2072 31 1821 12942345.42
2073 31 1362 5037724.59
2074 31 2788 12970831.96
2075 31 3949 27583915.29
456 31 3467 828892.90
457 31 3264 818752.27
458 31 3850 14355639.00
459 31 3644 16226857.54
460 31 2379 25162493.75
461 31 3730 64897670.46
463 31 4495 44710712.08
464 31 4460 44979849.09
465 31 3772 116024202.19
466 31 3613 174296026.75
467 31 2694 72923245.39
468 31 2719 110439456.88
469 31 2939 82415914.24
470 31 3243 68362171.05
472 31 2744 52929976.73
473 31 5363 51361781.52
474 31 1593 28363764.83
475 31 3507 32430879.38
476 31 4860 17428036.71
477 31 5895 26046387.14
479 31 3027 32967651.42
480 31 2995 60196528.97
483 31 3264 38466203.85
484 31 2599 1593027.29
485 31 2896 1010697.20
487 31 6617 47446943.35
488 31 4489 40413886.15
2122 32 2637 3314608.36
2123 32 2750 9436593.64
2146 32 582 12146008.63
489 32 2501 13306060.42
490 32 1767 1356664.03
492 32 1149 95637680.34
493 32 1063 63823414.16
494 32 1122 29077961.27
495 32 1218 23453426.13
496 32 1888 24366306.20
497 32 3401 31554371.86
498 32 2761 11424173.63
499 32 2114 24928079.57
500 32 2863 38615087.68
501 32 1594 419994.91
502 33 4604 134422139.15
503 33 1914 89866827.85
2128 34 3786 1059070.41
2129 34 1777 4281913.52
2130 34 2166 1545008.92
504 34 6045 17670929.58
505 34 10036 21401303.10
506 34 6831 28119361.84
508 34 4759 1263611.36
509 34 1448 36172110.78
510 34 887 58695461.42
511 34 2486 1822327.58
512 34 2369 20004939.84
513 34 1540 6970139.17
514 34 3475 47831490.23
515 34 854 31909400.31
516 34 1495 53037022.35
517 34 2048 22675318.40
518 34 1588 102375589.09
519 34 204 70909362.92
520 34 3544 37543279.43
521 34 2418 3973509.54
522 34 1213 39479041.67
523 34 1429 20545698.36
524 34 1677 34823232.86
525 34 1872 18684973.86
526 34 2033 14335264.46
527 34 1857 6213014.90
528 34 1226 25854173.44
529 34 3971 19809480.54
530 34 4434 27686594.88
531 34 1811 8210924.87
2139 35 1831 9074191.45
2140 35 758 24789082.28
2141 35 1881 604432.44
533 35 2744 14956218.54
534 35 1541 33901748.33
535 35 2866 17818889.90
536 35 3084 5935521.95
537 36 3524 22372642.14
538 36 1834 11879694.43
539 36 2282 20929202.04
540 37 3661 12901318.03
541 37 2161 580370.36
542 37 2234 19334428.77
543 37 2913 8285812.98
544 37 1287 16231066.17
545 37 2238 19222929.51
546 37 2868 15992315.60
547 37 2316 60747534.97
548 37 3580 13129823.46
549 37 877 17386395.00
550 37 670 14997948.66
551 37 991 16414020.97
552 37 3040 41471613.07
553 37 2694 609533.36
554 37 3772 50054087.78
555 37 1110 579679.40
556 38 2856 546578.46
557 38 2725 32318380.86
558 38 3319 42199219.68
559 38 2847 27228034.74
560 38 3633 28224557.05
561 38 3050 30279273.28
562 38 2348 39360702.74
563 38 2711 48719773.55
564 38 1156 11844309.57
565 38 3067 50721793.51
566 39 2252 16780612.85
567 39 997 844247.75
568 39 2238 20034957.64
569 39 1089 20956774.17
570 39 1975 30687334.30
571 39 2838 35396925.00
572 39 1854 39097935.83
573 39 1939 31825972.94
574 39 3332 69042658.63
575 39 2833 22437674.04
576 39 2972 37742218.12
35 4 4447 10725962.34
36 4 3378 84635778.54
37 4 5446 63288534.56
38 4 2329 124841879.29
39 4 3217 111929125.62
40 4 4517 162894463.73
41 4 4446 198693344.97
42 4 5001 101949827.58
43 4 3977 135389834.70
577 40 3489 6740559.10
578 40 2799 1221346.55
579 40 1512 409116.03
580 40 1256 290432.72
581 40 4393 21157036.26
582 40 832 211766.61
583 40 999 186610.03
584 40 1797 366331.12
585 40 1067 220545.97
586 40 2152 288205.41
587 40 5148 12646266.07
588 40 664 191777.41
589 40 3403 1420908.58
590 40 4280 9254596.22
591 40 1399 16399010.86
592 40 861 28782620.11
593 40 1484 26516258.66
594 40 2334 30869624.07
595 40 2637 11364891.21
596 40 1846 17323957.59
597 40 1443 2023823.93
598 40 2842 47007433.07
599 40 2868 55205257.76
600 40 1288 23287163.27
601 40 659 83638700.60
2135 41 2469 116970977.37
2136 41 3755 29833598.16
602 41 5007 51696404.69
603 41 1088 1170362.56
604 41 3587 39499307.99
605 41 3118 57963304.58
606 41 2662 62964267.43
607 41 2719 22101508.98
609 41 3344 58586001.74
610 41 3579 20796509.15
611 41 1729 15488777.44
612 41 2871 877283.65
613 41 3344 51499931.84
614 41 2025 927938.60
615 41 2934 1403292.67
616 41 2520 1335286.45
617 42 1758 7024969.30
618 42 3834 14884532.14
619 42 2790 21581548.61
620 42 3239 41611090.38
621 43 2160 780622.25
622 43 3027 954667.10
623 43 1769 33702161.38
624 43 1177 32474193.96
625 43 726 20141535.31
626 43 2194 42959860.84
627 44 2060 746132.98
628 44 3058 1422766.02
629 44 4045 45094597.25
630 44 2630 22714957.99
631 44 3394 29366658.23
632 44 3135 27714050.73
633 44 3614 47330636.29
634 44 3324 49341821.40
635 44 2925 26606744.51
636 45 2865 25737600.88
637 45 3560 50575027.68
638 46 1772 30038079.49
639 46 2908 717480.35
640 46 1603 536862.62
641 46 2815 704646.91
642 46 2773 33212773.25
643 46 2859 114496584.10
644 46 3041 109787562.03
645 46 646 43259600.71
646 46 853 39338882.96
647 46 1772 92002286.82
648 46 1180 68158910.23
649 46 1572 97742642.15
650 46 1366 21351075.90
651 46 2245 43177570.87
652 46 2354 91080976.22
653 46 1388 32138053.86
654 46 1472 78422527.80
655 46 1018 25692701.16
656 46 908 123692908.16
657 46 1267 18546150.22
658 46 2253 29478857.02
659 46 1107 35022253.94
660 46 1484 56706969.46
661 46 1378 172634596.12
662 47 4160 55175889.78
663 47 3744 958556.48
664 47 4660 95335663.16
665 47 2235 14647437.83
666 47 2870 12625602.41
667 47 5154 27491305.06
668 47 2234 22054047.58
669 48 1434 669532.37
670 48 1490 11407876.95
671 48 1955 953264.55
672 48 1710 89814964.35
673 48 1285 90298356.98
674 48 2652 123696706.81
675 48 486 95002059.31
676 48 3788 57972989.87
677 48 1725 74895227.97
678 48 1492 88324299.90
679 48 1221 10880481.42
680 48 1304 38927601.93
681 48 1377 28002563.17
682 49 3589 927930.19
683 49 1611 26743085.20
684 49 3524 22111681.18
686 49 3804 17548838.83
687 49 2965 11850835.19
688 49 2802 12243711.92
689 49 4832 27775713.20
690 49 3058 9290452.08
691 49 2725 13932974.75
44 5 3527 992220.65
45 5 1445 17962103.70
46 5 1058 41564193.72
47 5 994 32549893.44
48 5 3360 34426500.58
49 5 1611 25819042.46
50 5 5090 89893941.01
51 5 1975 25856307.06
52 5 2730 35765967.38
53 5 2841 14958150.78
692 50 554 12463044.87
693 50 1663 1003297.19
694 50 1006 43958955.22
695 50 1012 193132380.23
696 50 869 154196935.56
2124 51 3172 3445716.56
2125 51 2656 933178.68
698 51 2426 1845955.35
699 51 1545 495108.45
700 51 2606 595647.93
701 51 2384 32368239.39
702 51 1499 652883.77
703 51 1783 4719915.87
704 51 1686 778278.91
705 51 2291 144305608.20
706 51 3174 335380828.23
707 51 711 24308255.04
708 51 1526 6398407.78
709 51 1491 43819765.46
710 51 1556 135032869.44
711 51 422 33766469.32
712 51 2025 25714699.12
713 51 2969 97420589.32
714 51 3068 45073347.97
715 51 2013 43388204.52
716 51 1828 131996403.59
717 51 3057 56622713.20
2137 52 3804 42301285.12
2138 52 2183 34726326.76
718 52 3666 2277459.67
719 52 3964 1868929.19
720 52 6047 2059546.25
721 52 4119 1070249.67
722 52 4816 981755.75
723 52 4103 136821030.35
724 52 3864 69235021.30
725 52 4178 99153239.88
726 52 3723 130804377.54
727 52 2488 190666267.44
728 52 2669 115439947.64
729 52 4619 69406595.23
730 52 4195 250105709.39
731 52 4403 154459431.65
732 52 5067 91590128.22
734 52 2917 126293999.25
735 52 2933 24116597.91
736 52 4236 47450312.55
737 52 4213 129338935.49
738 52 2868 103890737.24
739 52 4217 26065944.95
740 52 4056 56277663.95
741 52 4123 35925751.60
742 52 3645 112163626.37
743 52 3801 76813798.88
744 52 5873 156364179.72
745 52 3865 177231888.17
746 52 1803 93763071.06
749 52 3195 74238618.72
750 52 2711 106333480.06
751 52 4367 83407140.05
752 52 3195 39696998.32
753 52 2404 43925214.49
754 52 1975 31442093.56
755 52 1342 26545612.62
759 52 2471 66235121.05
760 53 2559 19417908.54
761 53 1012 21230684.25
762 53 1785 25773444.02
763 53 1237 23444330.49
764 53 1362 21253383.97
765 54 3020 2544709.79
766 54 3709 9614681.84
767 54 3412 22027153.50
768 54 678 69089819.31
769 54 1230 23410323.74
770 54 1830 22176182.08
771 54 1744 19550520.41
772 54 2175 41203997.81
773 54 2204 1084952.15
774 54 2281 26575080.46
775 54 1386 42825536.59
776 54 1302 30503916.18
777 54 1386 26242680.94
778 54 1097 12680437.27
779 54 1037 42592342.92
780 55 4153 12726762.54
781 55 2426 16635957.42
782 56 1705 3309825.07
783 56 2856 11635728.04
784 56 4256 9853876.83
785 56 4964 14324718.01
786 56 2557 4528906.47
2144 57 4982 595331.38
2145 57 2131 232265.65
787 57 7536 11383996.29
788 57 1463 209871.09
790 57 2732 3977591.76
791 57 2650 14305070.40
792 57 1264 674546.02
793 57 5911 985572.92
794 57 3600 13918337.39
795 57 1856 51057685.09
796 57 1363 14825409.38
797 57 4136 45412240.85
798 57 1924 26905980.65
799 57 1828 23793884.59
800 57 602 14620644.84
801 57 1886 21909273.06
802 57 2387 22138678.77
803 57 1201 18014430.01
804 57 1360 32899586.28
805 57 1826 21331638.85
806 57 6880 32830880.11
807 57 1032 12177499.29
808 57 3428 51382503.63
809 57 4198 31189280.44
810 57 2733 22438956.06
811 57 1749 17796911.62
812 57 2846 27019385.09
813 57 1613 38824290.90
814 58 4765 37057261.61
2076 59 746 34269292.88
2077 59 1058 32905112.30
2078 59 441 26001268.26
2079 59 1516 51654587.77
2080 59 1292 36551391.24
2081 59 607 161106417.52
2082 59 4494 7779253.06
2083 59 900 155058711.24
815 59 3385 1101022.40
816 59 12469 2142787.06
817 59 3116 355152.23
818 59 6089 717032.55
819 59 5578 1129743.31
820 59 13261 3128404.84
821 59 535 22703032.26
822 59 1906 22794195.73
823 59 2039 37684965.66
824 59 1203 19120529.92
825 59 2687 119896286.87
827 59 2447 44460261.62
828 59 2021 148428498.56
829 59 3237 114550905.40
830 59 2861 100821313.22
831 59 2630 123616303.04
832 59 2972 83025400.31
833 59 5110 71165584.52
834 59 4012 61358110.08
835 59 11872 114853201.39
836 59 3454 31256540.81
837 59 1535 27728962.83
838 59 1973 78387582.52
839 59 4601 1539022.93
840 59 4066 80493059.95
841 59 2734 48076196.74
842 59 10838 91375652.63
843 59 8331 35358310.43
844 59 3953 68295702.36
845 59 4437 88432301.53
846 59 4306 96978037.98
847 59 3262 106629266.96
848 59 5656 99462218.24
849 59 5077 353214644.58
850 59 4002 177352913.44
851 59 1332 331828567.01
852 59 492 961520256.27
853 59 3764 1341598.58
854 59 3673 99757573.05
856 59 3829 110600389.54
857 59 5846 147447028.71
858 59 3585 153072583.36
859 59 5128 195401359.24
860 59 4887 98921751.85
861 59 4342 73522987.73
862 59 5107 200071986.86
863 59 3336 173109597.42
864 59 5179 418153938.21
865 59 3919 1075142846.35
866 59 2405 1119642.86
870 59 6227 510591054.55
871 59 3380 64299072.97
872 59 2172 1290143817.73
881 59 1439 557189554.05
54 6 2928 25853722.76
55 6 2320 23104703.74
56 6 1899 20418904.91
57 6 2404 2051743.92
58 6 562 9480536.14
59 6 2077 17441406.31
60 6 1722 1175436.65
61 6 2418 4468138.01
62 6 1618 4766438.74
63 6 922 9086459.68
64 6 3285 28445799.80
65 6 3384 44616815.58
66 6 3657 19040367.26
67 6 2487 31371612.21
882 60 5608 25678820.59
883 60 3480 664906.98
884 60 5084 32941037.45
2109 61 765 6677282.71
2110 61 1590 28700250.57
2111 61 2571 59941853.11
2112 61 1369 42071347.86
885 61 5722 29697168.80
886 61 2011 147601.71
887 61 7045 8233903.49
888 61 3310 288831.90
889 61 1990 229296.79
890 61 4673 23641386.87
891 61 1427 147921.00
892 61 4316 16797884.71
893 61 3220 346307.91
894 61 8376 34244750.31
895 61 6400 1429672.47
896 61 2139 168368986.50
897 61 4033 152567808.20
898 61 4020 140221313.77
899 61 2467 349332190.53
901 61 5996 47974613.27
902 61 1088 133000695.04
903 61 3763 123105876.87
904 61 1369 15031209.05
905 61 2439 5876206.03
906 61 1673 22259191.39
907 61 1823 128557077.13
908 61 1275 36636146.30
909 61 2910 137113291.60
910 61 2123 53928524.56
911 61 2015 35510675.94
912 61 2417 208982780.82
2084 62 2401 20328770.23
2085 62 1748 13543568.05
914 62 3693 97246809.08
915 62 1349 133111868.19
916 62 2826 18558074.34
917 62 683 24490106.05
918 62 2187 34043090.51
919 62 1128 49586967.85
920 62 1781 149029430.60
921 62 768 68483867.75
922 62 435 22563975.24
923 63 2556 41170107.99
924 63 1492 50420576.57
925 64 3030 1047116.69
926 64 5006 1465524.97
927 64 2363 5018918.86
928 64 1843 3219590.53
929 64 3342 23273203.54
930 64 2699 22219534.49
931 64 1887 29803796.72
932 64 3627 14049582.77
933 64 530 6583733.35
934 64 1219 5960631.46
935 64 2060 13754027.95
936 64 2198 16704509.38
937 64 3976 24702063.30
938 64 2803 23436572.69
939 64 4350 33425899.40
940 64 4569 57276438.05
941 64 720 25151770.60
942 64 2419 63109990.27
943 64 2515 34562773.00
2050 65 5810 49080429.22
2051 65 1146 7888998.28
2052 65 4673 91425162.79
2053 65 1503 90466506.61
944 65 4909 154896268.67
945 65 10293 8516585.02
946 65 2782 1610063.25
947 65 15687 5257084.15
948 65 3008 546035.95
949 65 6682 80496418.30
950 65 3714 3036854.00
951 65 4467 552236.60
953 65 3057 96246904.88
954 65 2670 111158082.57
955 65 1588 155593280.34
956 65 2713 209041910.59
957 65 2388 157221145.96
958 65 2326 65262834.83
959 65 1901 72484617.35
960 65 3365 124119750.26
961 65 1160 47662993.61
962 65 3632 80018849.12
963 65 3311 53562737.60
964 65 4003 157053993.93
965 65 4212 140271986.00
966 65 989 99167338.10
967 65 1125 84060211.07
968 65 2849 133093006.07
969 65 2360 8901798.81
970 65 2825 82380314.05
971 65 3558 77666101.10
972 65 5306 130854405.95
974 65 3285 94664402.94
975 65 5462 99091261.39
976 65 3016 190204072.48
977 66 709 397712.43
978 66 3842 656058.68
979 66 4979 22096235.48
980 66 2644 39158329.96
981 66 2243 10208875.89
982 66 6490 49262265.62
983 66 2587 37333742.88
984 66 5275 41492976.95
985 67 3522 12035795.32
986 67 1962 33916577.34
987 67 1430 30681803.68
988 67 916 22624208.05
989 67 3517 15676613.12
1000 68 1384 51526809.37
1001 68 834 19813725.62
1002 68 1067 86235675.15
1003 68 1502 54995144.71
1004 68 109 12904536.56
1005 68 281 20520331.56
1006 68 2552 26708323.03
1007 68 1992 63662213.94
990 68 5080 759037.37
991 68 971 551534.85
992 68 2241 917239.01
993 68 1240 255002.27
994 68 622 90284.32
995 68 4653 563982.12
996 68 1217 35012779.66
997 68 2493 71658534.70
998 68 1612 51607643.49
999 68 1030 35301325.25
1008 69 3681 68879148.57
1009 69 728 322067.51
1010 69 2979 1164608.60
1011 69 2314 251243336.83
1012 69 1062 251530.75
1013 69 1307 948782.18
1014 69 7825 15476890.97
1015 69 720 124005350.61
1016 69 1536 1743629.36
1017 69 2348 153531856.48
1018 69 2336 138780323.37
1019 69 1603 71441799.79
1020 69 1186 44030253.84
1021 69 2575 149327904.92
1022 69 1835 72209925.74
1023 69 763 15426875.65
1024 69 2362 174746552.91
1025 69 1326 50256265.06
1026 69 1414 4963461.68
1027 69 734 29642785.26
1028 69 2103 87241602.14
1029 69 1403 69651203.49
1030 69 1738 55774358.82
1031 69 1498 197924107.65
1032 69 2054 65206772.68
1033 69 1586 4386193.73
68 7 2734 2459449.35
69 7 1816 26640845.84
70 7 3513 87139996.03
71 7 3194 38211536.70
1034 70 4139 27058190.71
1035 70 2103 16801632.74
1036 70 2175 13415198.80
1037 70 2117 22720901.65
1038 70 2272 20504323.16
1039 71 3306 732803.07
1040 71 1928 459847.73
1041 71 5840 1006584.62
1042 71 3585 34352714.42
1043 71 2676 36569880.16
1044 71 1836 25699601.41
1047 71 6707 50641424.90
1048 71 3077 21358835.79
1049 72 4002 25251706.11
1050 72 3123 550137.23
1051 72 3472 32512083.42
1052 73 3261 1446770.63
1053 73 1246 193317.17
1054 73 671 115801.32
1055 73 912 108369.91
1056 73 1204 181420.43
1058 73 1562 159083.20
1059 73 1413 145155.01
1060 73 1759 435253.27
1061 73 1804 634035.38
1062 73 4207 1302538.22
1063 73 1555 34643201.77
1064 73 2193 43640798.10
1065 73 4044 48653211.43
1066 73 2312 5766418.34
1067 73 1812 100802575.38
1068 73 923 77068359.71
1069 73 2800 88842925.07
2086 73 4493 1724230.33
2087 73 3687 1492585.95
2088 73 2939 529204.28
1070 74 2026 981464.24
1071 74 3236 72244328.87
1072 74 1371 339191.13
1073 74 1360 194406.75
1074 74 1320 221990.47
1075 74 998 124585.38
1076 74 4639 1128027.49
1077 74 1010 132226.69
1078 74 4678 1636296.99
1079 74 3368 54233194.65
1080 74 2693 74588288.51
1081 74 2082 36255441.95
1082 75 3177 701684.72
1083 75 2965 18447727.51
1084 75 3513 43028717.23
1085 75 3044 47608800.68
1086 75 2665 22834832.33
1087 75 4153 22769352.65
1088 75 4102 43327782.16
1089 75 2611 20689764.88
1090 75 2477 13067887.18
1091 75 1810 13606031.39
1092 76 3720 1844363.08
1093 76 1268 581523.21
1094 76 1811 85248684.01
1095 76 1514 96212660.69
1096 76 3228 91265821.29
1097 76 2352 61272972.77
1098 76 4438 161276560.10
1099 76 2579 56510019.99
1100 76 4449 77701371.70
1101 76 1875 52179580.11
1102 76 3200 65247399.57
1103 76 3490 65700759.10
1104 76 2422 15212894.55
1105 76 2346 85176570.13
1106 76 3562 34004385.43
1107 76 3044 80001011.79
1108 76 3392 20217315.11
1109 76 2807 47909640.69
1110 76 1923 24370976.23
1111 76 5322 44337906.06
1112 76 4222 82633238.45
1113 77 6052 2113794.49
1114 77 20033 1857361.63
1116 77 7112 825811.23
1117 77 4378 546087.82
1118 77 1206 617060.39
1119 77 5739 1361446.03
1120 77 7505 824886.79
1121 77 6096 753744.12
1122 77 1709 271794.55
1123 77 799 179967.76
1124 77 2475 250836.35
1125 77 4242 433780.06
1126 77 3174 329414.13
1127 77 3107 434827.31
1129 77 3179 651766.49
1130 77 3312 5980568.18
1131 77 8728 2879386.70
1132 77 1390 394160.38
1133 77 1113 206227.03
1134 77 848 199339.75
1135 77 2200 198185.80
1136 77 3132 759249.81
1137 77 2611 224890.03
1138 77 812 137696.54
1139 77 517 147048.91
1140 77 452 242194.01
1141 77 1234 256840.98
1142 77 2797 621635.64
1143 77 6209 790671.82
1144 77 5054 569818.62
1145 77 1818 345808.34
1146 77 1223 238089.61
1147 77 1536 136661.19
1148 77 4919 1003069.12
1149 77 4249 1160193.11
1150 77 6955 1106315.19
1151 77 8898 1344973.84
1152 77 8794 13254434.92
1153 77 3584 13879101.21
1154 77 1494 4703000.15
1155 77 3137 21003829.92
1156 77 3383 24382720.08
1157 77 20930 36920750.75
1158 77 3695 39048532.11
1159 77 2289 90741649.41
1160 77 3055 69807089.58
1161 77 863 7366428.89
1162 77 115 2813132.07
1163 77 1671 13004217.03
2094 77 3081 1466998.63
2095 77 2213 3872471.03
2096 77 3642 272562.97
2097 77 3124 383567.07
2098 77 2036 222228.38
1165 78 4148 414318.26
1166 78 2353 293138.81
1167 78 2863 516550.95
1168 78 4840 22316298.04
1169 78 1368 38677697.14
1170 78 3060 91554641.11
1171 78 802 22835399.38
1172 78 2506 46272311.35
1173 78 2353 85404496.62
1174 78 3098 4016164.23
1175 78 3921 5230951.93
1176 78 4342 4031417.93
2089 78 4725 13901327.13
2090 78 1840 27821411.28
1178 79 813 282278.59
1179 79 110 340342.83
1181 79 3922 22587934.21
1182 79 4578 34830894.07
1183 79 4506 12503148.99
1184 79 2350 21688707.66
1186 79 10066 39357722.31
2099 79 3207 6694785.54
2100 79 1687 11784533.48
2101 79 1159 4530262.52
2102 79 1970 18446860.74
2103 79 5769 12093510.21
72 8 2225 603427.71
73 8 2584 565931.98
74 8 2662 503484.04
75 8 1829 474958.04
76 8 2945 21124531.46
77 8 7105 148561514.19
78 8 4295 20450678.72
79 8 1405 87222937.27
80 8 3114 106871673.78
82 8 2681 131557104.96
84 8 742 49778642.72
85 8 599 38170483.09
1187 80 3873 65390124.31
1188 80 3133 40339015.35
1189 81 2961 18691107.15
1190 81 3692 9861303.99
1192 81 1244 58915516.80
1193 81 2149 28640101.51
1199 81 345 10090912.94
1200 81 3308 27575485.51
1201 81 2032 9806684.20
1202 81 1247 25469851.64
1203 81 2926 30527674.93
1204 81 1639 23719167.76
1206 81 3121 116377694.08
1207 82 3696 854018.80
1208 82 3707 643501.09
1209 82 6907 1565070.64
1210 82 2116 12209756.21
1211 82 1651 11579665.95
1212 82 7010 46183133.06
1214 82 2165 16408130.64
1215 82 3399 27738438.17
1216 82 2545 39903638.33
1217 82 3280 11182176.93
1218 82 4450 53969601.77
1219 82 5021 49654937.29
1220 82 4227 40284508.28
1221 82 2575 16971168.61
1222 83 3044 20821285.04
1223 83 3071 17562207.13
1224 83 3137 28172599.75
1225 83 6063 39681660.99
1226 84 3276 1869609.86
1227 84 1958 1644637.21
1228 84 2822 46779991.43
1229 84 1467 37510352.09
1230 84 2769 43377857.58
1231 84 3523 89976566.06
1232 84 2051 318381298.15
1233 85 3364 54567236.55
1234 85 1711 60595965.72
1235 85 3641 44744070.30
1236 86 3046 5204308.80
1237 86 2719 37756091.53
1238 86 1321 35214282.84
1239 86 3616 33039089.87
1240 87 2980 6791977.09
1241 87 8190 34678642.79
1242 87 2816 394681.17
1243 87 3432 188624670.76
1244 87 1616 196412.44
1245 87 4192 61895841.78
1246 87 2926 13836336.58
1247 88 2874 597132.78
1248 88 929 287760.80
1249 88 2695 800246.13
1250 88 6229 1613698.25
1251 88 3380 1262499.43
1252 88 3069 37914898.14
1253 88 1486 13872568.54
1254 88 3678 34848004.67
1255 88 1561 27145315.72
1256 88 1771 16788067.24
1257 88 2432 41337504.36
1258 88 1765 19374050.28
1259 88 3024 805000.68
1260 88 2051 847915.43
1261 88 1088 16344042.68
1262 88 1712 20612244.10
1263 88 1499 314934.87
1264 89 2955 94265688.73
100 9 2323 4638079.52
101 9 351 187255858.19
102 9 589 177723077.70
103 9 1624 12621050.73
104 9 1770 77422574.96
105 9 1052 55643082.02
106 9 1811 25480373.65
107 9 614 128826008.55
108 9 253 49875844.82
109 9 1539 96657422.81
110 9 1854 72654497.38
111 9 2165 53065889.47
112 9 2067 1010856.38
88 9 1976 1272514.15
89 9 835 179511.89
90 9 931 285999.85
91 9 2832 1622399.10
92 9 2238 16481669.67
93 9 1051 218817.05
94 9 498 214295.64
95 9 2346 1239866.62
96 9 1320 351278.41
97 9 1624 337479.34
98 9 5441 2705630.52
99 9 2039 451226.80
1265 90 3206 811768.22
1266 90 980 207505.83
1267 90 8591 2584798.78
1268 90 2385 339565.39
1269 90 2134 247588.79
1270 90 7879 1517219.47
1271 90 1616 214311.35
1272 90 2255 233079.22
1274 90 1647 343118.84
1275 90 1266 240544.23
1276 90 4380 1466531.75
1277 90 1022 201581.92
1278 90 1566 268213.95
1279 90 812 357657.64
1280 90 3535 840955.34
1281 90 3694 697317.88
1282 90 1603 318956.39
1283 90 773 151520.17
1284 90 773 147444.82
1285 90 942 108092.63
1286 90 1244 359333.18
1287 90 1258 110045.66
1288 90 526 77908.27
1289 90 525 93401.86
1290 90 1022 139531.24
1291 90 715 110553.79
1292 90 1240 123327.30
1293 90 1053 372051.65
1294 90 3254 533736.96
1295 90 1819 511153.22
1296 90 1720 445177.06
1297 90 1098 122532.28
1298 90 479 140068.45
1299 90 422 187648.62
1300 90 1018 116790.81
1301 90 1289 102849.69
1302 90 389 253419.01
1303 90 1019 1433396.98
1304 90 1646 155904.61
1305 90 285 93455.45
1306 90 734 123518.52
1307 90 1092 146494.14
1308 90 561 114824.87
1309 90 903 133695.10
1310 90 1590 461892.81
1311 90 3092 544845.08
1312 90 3783 1384124.59
1313 90 1493 146064.61
1314 90 879 104166.35
1315 90 836 84564.22
1316 90 386 76169.37
1317 90 653 95139.32
1318 90 524 151491.92
1319 90 536 175819.69
1320 90 1235 161745.27
1321 90 1082 188020.53
1322 90 2449 435660.77
1323 90 2096 672546.75
1324 90 959 160436.65
1325 90 589 87269.87
1326 90 1258 146739.47
1327 90 1614 225998.42
1328 90 1736 172412.79
1329 90 2776 234559.38
1330 90 1248 149010.17
1331 90 1705 168000.23
1332 90 3753 234529.68
1333 90 2217 203971.04
1334 90 2806 353850.14
1335 90 5952 2173703.63
1336 90 2982 714280.27
1337 90 1700 242403.39
1338 90 2978 247158.19
1339 90 2822 228402.72
1340 90 20867 3127680.14
1341 90 2097 195643.43
1342 90 5204 989723.99
1343 90 7309 1339540.40
1344 90 2172 26873911.29
1345 90 1446 19045359.33
1346 90 3052 12495102.78
1347 90 1384 14271098.99
1348 90 274 15290997.94
1349 90 1145 15217552.37
1350 90 728 16060011.91
1351 90 2496 17428969.11
1352 90 1950 11572894.78
1353 90 705 28561302.18
1354 90 1562 15334306.39
1355 90 1458 9070657.17
1356 90 1135 23016104.73
1357 90 727 7785527.19
1358 90 1242 12766126.25
1359 90 2281 11216880.95
1360 90 1652 11084610.14
1361 90 1623 8829010.35
1362 90 1614 9240325.57
1363 90 1070 9528662.23
1364 90 1224 9428909.78
1365 90 739 7487084.54
1366 90 1412 6304895.07
1367 90 1787 10058533.42
1368 90 555 11089190.28
1369 90 2209 11621704.15
1370 90 2619 925029.99
1371 90 976 10114174.60
1372 90 1641 25394602.97
1373 90 3022 6841508.17
1374 90 3497 13376344.23
1375 90 1684 12167101.71
1376 90 9521 30666338.88
1377 90 1754 21968209.79
1378 90 4096 2503263.29
1379 90 2771 1502973.54
1380 90 3598 17913652.16
1381 90 2708 2246297.57
1382 90 1095 21246414.36
1383 90 1603 21915565.31
1384 90 8016 9723023.08
1385 90 914 4014633.02
1386 90 8023 7221485.07
1387 90 3083 15381105.82
1388 90 1362 6044437.25
1389 90 2010 24334966.97
1390 90 1359 26777567.09
1391 90 2898 24983999.42
1392 90 1534 38914686.29
1393 90 3153 24278681.86
1396 90 2195 691314.66
1397 90 4924 1983498.99
1398 90 2918 45723075.23
1399 90 2034 51138600.99
1400 90 2166 64267076.78
1976 90 1017 351276.23
1977 90 1733 235454.21
1978 90 1278 119013.99
1979 90 1647 173824.54
1980 90 2602 417117.68
1981 90 1539 132582.84
1982 90 1495 381684.41
1983 90 1351 403730.31
1984 90 1299 328626.44
1985 90 1493 132139.39
1986 90 1327 93391.48
1987 90 1473 118060.99
1988 90 1238 96129.40
1989 90 1851 200279.84
1990 90 825 260563.91
1991 90 1375 388758.55
1992 90 2079 1974663.26
1993 90 337 162212.93
1994 90 1054 169992.04
1995 90 1094 187067.11
1996 90 1080 120318.77
1997 90 1667 217092.32
1998 90 1108 261132.44
1999 90 706 56642.58
2000 90 576 220730.62
2001 90 1632 85837.73
2002 90 1832 136146.62
2003 90 1215 132969.56
2004 90 1324 941370.87
2005 90 2123 179514.54
2006 90 1827 100496.79
2007 90 1475 132440.46
2008 90 1762 122611.53
2009 90 992 94029.29
2010 90 1444 115239.50
2011 90 1764 107272.29
2047 90 864 19032436.26
2048 90 994 537281.06
2142 90 2718 1298969.74
2143 90 2268 1264412.99
2147 90 549 1650756.79
1164 900 633 19426165.71
1404 91 2625 35326860.11
1405 91 2012 25414062.60
1406 92 4324 7679024.48
1407 92 1857 4494341.80
1408 92 1513 522560.88
1409 92 3002 5064743.17
1410 92 3254 21073416.30
1411 93 2173 679384.52
1412 93 625 228008.33
1413 93 1543 480761.31
1416 93 2283 88124644.53
1417 93 1978 71638733.86
1418 93 1015 33515021.95
1422 93 1308 39801552.45
1423 93 1461 5038729.76
1424 93 3418 96804946.66
1425 93 736 39907478.96
1426 93 2877 9351046.03
1427 93 1096 122009941.47
1437 93 1973 95093435.27
1438 94 1831 582871.42
1439 94 2699 12756359.46
1440 94 1237 3994182.45
1441 94 2633 8801872.50
1442 94 1025 6083142.19
1443 94 1566 4881455.94
1444 94 4142 9204322.46
1445 94 3089 3059307.65
1446 94 2915 2256688.56
1447 94 2941 9728743.05
1448 94 3088 23510522.47
1449 94 1903 8307478.77
1450 94 5636 3221162.13
1451 94 3618 52124822.70
1452 94 5556 26620325.99
1453 94 1979 14865150.62
1454 95 3397 1043250.82
1455 95 7546 14369698.50
1456 95 2503 689791.97
1457 95 3599 33138364.46
1458 95 2107 2940652.48
1459 95 6631 41094554.66
1460 95 8364 24746286.58
1461 95 2390 55126860.75
1462 95 9162 58200468.44
1463 95 3507 44801279.30
1464 96 2023 443309.44
1465 96 3243 457581.08
1466 96 1987 217621.44
1467 96 3133 91612578.72
1468 96 3837 38599015.84
1469 96 1863 35305339.89
1470 96 3917 34799499.33
1471 96 3727 55690107.61
1472 96 3535 153560715.39
1473 96 2567 33775268.12
1474 96 4983 57760698.40
1475 96 4626 62007386.66
1476 96 6077 59108426.60
1477 96 4601 31994970.75
1478 96 5140 25930374.41
1479 96 3916 676062.44
1480 96 5038 35825229.53
1481 96 3844 11232946.75
1482 96 3697 58276822.98
1483 96 2636 670985.86
1484 96 4075 623644.15
1485 96 3812 34133963.09
1486 97 1053 750514.19
1487 97 2254 18820752.48
1488 97 1406 1029329.50
1489 97 6709 1461800.76
1490 97 6303 19154529.03
1491 97 1052 245379.31
1492 97 1239 741092.25
1493 97 1199 229122.78
1494 97 518 151746.70
1495 97 704 151259.68
1496 97 1006 220795.84
1497 97 1189 159598.12
1498 97 3608 9825701.84
1499 97 5193 2232898.09
1500 97 765 323136.60
1501 97 3171 15287677.47
1502 97 3496 1279017.37
1503 97 850 44775344.59
1504 97 2089 136913232.18
1505 97 619 163230718.66
1506 97 1910 28461771.09
1507 97 1091 33844070.85
1508 97 3305 63979822.74
1509 97 4132 1649408.49
1510 97 3318 46490117.10
1511 97 2645 13602037.02
1512 97 3070 42984660.87
1513 97 1354 65051824.55
1514 97 1349 136350773.17
1515 97 3058 31142150.34
1516 97 3876 33589667.23
1517 97 3048 70127373.55
1518 97 2173 94407007.65
1519 97 1311 157807504.26
1520 97 2085 1734256.04
1521 97 2021 1701945.01
1522 97 749 122781815.10
1523 97 1721 137266587.04
1524 97 631 42844426.99
1525 97 1952 58040075.85
1526 97 766 33951033.79
1527 97 1197 10304295.38
1528 97 1107 30266799.03
1530 98 1568 75182445.21
2113 98 4097 36146667.75
2114 98 1060 42128809.62
2115 98 667 17895322.20
1532 99 862 1548335.51
1533 99 4098 20571570.55
1534 99 1507 876295.30
1535 99 961 2528725.81
1536 99 5525 35294585.67
1537 99 2053 22576424.98
1538 99 1628 13408315.35
1539 99 2770 104048332.54
1540 99 1816 25399400.93
1541 99 2701 17872575.37
1542 99 2836 25748346.65
1543 99 3503 15127555.45
1544 99 3178 49400897.81
1545 99 2624 53398193.20
1546 99 2859 43563111.37
1547 99 2123 48655115.68
1548 99 2677 62333983.85
1549 99 2209 54534338.75
1550 99 1903 28262460.92
1551 99 2187 19768465.55
1552 99 2837 44603092.10
1553 99 893 37380585.12
1554 99 1921 62390732.87
1555 99 1838 133802194.98
1556 99 2563 211185570.60
1557 99 2716 64823025.23
1558 99 2372 29153907.64
1559 99 2233 102195124.08
1560 99 839 37658919.16
1561 99 1134 67325429.89
1562 99 1598 14543582.53
1563 99 522 54251457.94
1564 99 4037 62875994.42
1565 99 3790 25211473.04
1566 99 1919 43605638.06
1567 99 1342 2273207.29
